22691336888	0	0	0	0	0	0	0	0	0	0	1	0	0	0	0	0	0	0	0	0	0	0	0	0	0	0	0	0	0	0	0	0
35931021430	32	50	60	64	65	6	131	26	52	4	12	83	43	11	7	25	-17	-9	-22	-16	-31	-3	-48	-9	-20	-3	0	-7	-10	-8	-16	-20
38264099521	31	75	74	186	107	23	254	99	124	9	13	210	78	15	23	22	-25	-21	-22	-25	-52	-11	-84	-14	-31	-17	-6	-39	-13	-23	-30	-22
38934192513	30	60	32	281	54	8	264	80	66	2	163	118	169	8	3	17	-6	-6	-13	-15	-4	-1	-40	-5	-19	-6	-12	-12	-6	-16	-2	-12
38989506835	73	91	103	311	67	10	285	109	173	5	24	37	66	22	17	32	-39	-14	-40	-31	-28	-2	-123	-30	-46	-9	-15	-17	-14	-60	-29	-52
38989764995	0	0	0	0	0	0	1	0	1	0	0	0	2	0	0	0	0	0	-1	0	0	0	0	0	0	0	0	0	0	0	0	0
39007182906	7	9	5	27	5	0	23	14	17	0	17	12	23	2	1	4	-1	-3	0	-2	-1	0	-7	-3	-3	0	0	-4	0	-1	0	-5
39190300331	0	0	0	0	0	0	0	1	0	0	1	0	1	0	0	0	0	0	0	0	0	0	0	0	0	0	0	0	0	-1	0	0
39273746061	0	1	2	2	0	0	1	0	2	0	2	5	0	2	0	0	-2	-1	0	0	0	-2	-2	-1	-1	0	-1	0	-3	0	-1	0
40023466994	0	0	0	0	0	0	0	0	0	0	0	0	0	0	0	0	0	0	0	0	0	0	0	0	0	0	0	0	0	0	0	0
40235089041	0	0	0	0	0	0	0	0	0	0	0	0	1	0	0	0	0	0	-1	0	0	0	0	0	0	0	0	0	0	0	0	0
40553284277	0	0	1	2	0	1	4	1	2	0	0	1	2	1	0	0	0	0	0	-1	-2	0	-2	0	-3	0	0	-1	0	0	0	0
40933347627	0	0	0	0	0	0	1	1	0   	0	0	2	0	0	0	0	0	0	-1	0	0	0	-2	0	-1	0	0	0	0	0	0	0
41151717202	0	2	3	5	0	0	8	4	4	0	1	3	0	0	0	0	0	0	0	0	0	0	-5	0	0	0	0	0	-2	-1	-1	-1
41190477945	0	0	0	0	0	0	0	0	0	0	0	1	0	0	0	1	0	0	0	0	0	0	-1	0	0	0	0	0	0	0	0	0
41201502861	0	0	0	0	0	0	0	0	0	0	0	0	0	0	0	0	0	0	0	0	0	0	0	0	0	0	0	0	0	0	0	0
41265336706	2	7	6	10	3	1	8	3	9	0	2	5	2	0	0	1	-1	0	-3	-3	-4	0	-7	0	-7	-1	-4	-2	-2	-3	-2	0
41268170199	4	9	18	29	12	0	39	7	27	6	6	37	14	1	3	3	-3	-1	-2	-6	-6	0	-14	-1	-19	-2	-4	-3	-2	-1	-5	-7
41269464215	15	42	47	94	32	8	125	16	70	3	11	95	22	12	4	20	-25	-8	-15	-14	-17	-4	-39	-8	-28	-13	-6	-10	-9	-14	-7	-21
41707093932	1	8	3	15	2	0	7	2	8	0	0	5	1	2	0	1	-2	0	-2	-4	-3	0	-2	-1	-2	0	0	-1	0	0	0	0
41744439071	0	2	3	4	0	1	9	1	4	0	4	6	3	1	0	0	-1	-1	0	-2	0	0	-5	-2	-1	0	0	0	0	-1	-1	-1
41792849206	0	3	3	2	1	1	5	2	3	0	2	0	0	0	1	1	0	0	-3	-1	-1	-1	-7	-2	-2	0	-1	0	0	-1	0	0
41836156152	16	50	14	158	70	7	213	40	44	4	51	90	94	10	0	27	-15	-6	-6	-6	-15	-3	-34	-4	-6	-3	-1	-5	-3	-5	-10	-11
41854846996	7	12	11	41	4	3	50	8	18	4	3	47	20	12	4	11	-4	-4	-10	-9	-4	-1	-33	-9	-8	-2	-6	-9	-6	-24	-9	-31
41881682461	0	1	0	1	0	0	1	2	0	0	0	0	0	1	0	0	0	0	0	0	0	0	0	0	0	0	0	-1	0	0	0	0
41883983578	0	5	4	12	2	4	13	7	5	0	4	9	5	1	0	0	-1	0	-4	-1	-2	-1	-8	0	-6	0	-2	-3	-4	-2	-2	0
42378407518	8	20	6	30	11	2	70	9	11	2	6	22	20	0	1	2	-1	-3	-1	0	-3	0	-13	-3	-3	-1	0	-5	0	-4	0	-1
42419762644	5	8	3	3	2	0	13	5	6	0	2	5	2	0	0	0	-1	-1	-1	-2	-1	0	-3	-1	-1	-1	0	-1	0	-1	-1	-1
42532856231	0	0	0	0	0	0	1	0	0	0	0	0	1	0	0	0	0	0	0	0	0	0	0	0	-1	0	-1	0	0	0	0	0
42600137603	3	1	1	6	5	0	8	0	0	0	2	3	1	0	0	1	-2	0	0	0	0	0	0	0	-1	0	0	0	0	0	0	-2
42664657704	46	106	108	204	55	1	237	168	95	4	16	54	102	17	3	22	-14	-13	-30	-37	-26	-3	-77	-42	-21	-2	-1	-8	-12	-22	-9	-31
42700859331	0	0	0	1	2	0	1	0	1	0	0	2	1	0	0	0	-1	0	0	0	0	0	-1	0	-1	0	0	0	0	0	0	-1
42702251622	0	1	0	1	0	0	4	0	0	0	0	0	0	0	0	1	0	0	0	-1	0	0	-4	-1	-3	0	0	0	-1	-1	-2	0
42709406526	1	0	0	0	0	0	0	0	1	0	0	2	0	0	0	0	0	0	0	0	-1	0	-1	0	0	0	0	-1	0	0	0	-1
42751437155	0	0	0	0	0	0	1	0	1	0	0	0	1	0	0	0	-2	0	0	0	0	0	0	-1	-1	0	0	-2	0	0	0	-2
42782650844	1	1	0	5	1	0	2	0	5	0	0	0	0	2	0	0	0	0	-1	0	0	0	-1	0	-2	-1	0	-1	0	0	-1	0
42879211183	2	1	5	17	1	1	17	4	7	0	2	7	7	0	0	2	0	-2	-2	0	-3	0	-6	-2	-1	0	0	0	0	-1	-1	-1
42925234651	15	17	8	18	5	0	33	1	19	1	3	16	3	2	1	3	-13	-4	-14	-8	-6	0	-9	-1	-8	-3	-2	-3	-2	-5	-1	-1
42993686748	0	1	2	1	1	0	2	0	0	0	1	0	3	0	0	0	-1	-1	-1	-1	0	0	0	0	0	0	-1	0	0	-1	0	0
43049693596	0	0	0	0	0	0	0	0	0	0	0	0	0	0	0	0	0	0	0	0	0	0	0	0	0	0	0	0	0	0	0	0
43090672994	0	0	0	1	0	0	0	0	0	0	0	0	0	0	0	0	0	0	0	0	0	0	0	0	0	0	0	0	0	0	0	0
43091192989	8	22	14	72	24	4	95	9	78	0	20	40	33	6	1	7	-1	-4	-4	-17	-4	-1	-27	-4	-9	-3	-6	-3	-5	-8	-9	-13
43096658004	1	1	0	5	0	2	3	2	3	0	0	1	1	0	0	1	0	0	0	-1	0	-1	-3	0	0	0	0	0	-1	-4	0	0
43348801372	69	122	43	290	55	5	366	119	71	3	135	160	191	11	5	25	-6	-1	-10	-7	-8	0	-23	-10	-20	-6	-13	-13	-15	-9	-3	-8
43421404643	0	0	1	3	1	0	3	2	1	0	0	0	1	0	0	0	0	-1	-2	-1	-2	0	-3	0	0	0	0	0	0	-1	0	0
43499630156	1	1	1	5	1	0	5	1	2	0	0	1	2	0	0	1	0	0	0	-2	0	0	0	0	-1	0	0	-2	0	0	0	0
43567121197	5	20	26	74	7	3	96	39	38	5	36	40	38	6	1	2	-9	-3	-16	-8	-1	-3	-38	-6	-9	-5	-1	-6	-10	-11	-1	-2
43606066836	0	0	0	0	0	0	0	0	0	0	1	0	0	0	0	0	0	0	0	0	0	0	0	0	0	0	0	0	0	0	0	0
43647336341	0	0	0	0	0	0	0	0	0	0	0	0	0	0	0	0	0	0	0	0	0	0	0	0	0	0	0	0	0	0	0	0
43731380915	0	0	0	0	0	0	0	0	0	0	0	0	0	0	0	0	0	0	0	0	0	0	0	0	0	0	0	0	0	0	0	0
43743814396	1	1	3	3	1	0	5	4	4	0	1	2	0	1	0	2	0	0	-1	-1	0	0	-1	-1	-1	0	-1	-1	-1	-1	0	-2
43758877285	0	0	1	1	0	0	3	0	1	0	0	0	1	0	0	0	0	0	0	0	-2	0	-1	0	0	0	0	-1	0	-2	0	-1
43805133090	5	7	2	14	3	0	13	3	2	0	2	13	1	1	0	2	-3	-2	-3	-4	-1	0	-6	-1	-6	0	0	0	0	-3	0	-3
43807539234	0	0	1	2	0	0	1	0	0	0	0	0	1	0	1	0	0	0	0	0	0	0	-1	0	0	0	0	0	0	0	0	0
43924593697	2	3	2	15	3	0	13	6	7	0	3	4	3	1	0	1	-1	-1	0	-2	-1	-1	-4	0	-3	0	0	-2	-1	-3	0	-1
43937705973	0	0	1	1	0	0	0	0	1	0	1	0	0	0	0	0	0	0	0	0	0	0	0	0	0	0	0	0	0	0	0	0
43951010162	0	2	2	13	1	0	5	1	5	0	0	3	3	0	4	0	0	-1	-1	0	0	0	-8	0	-2	0	0	-1	-1	-2	-1	0
43999479937	1	2	2	5	1	0	1	0	1	0	0	4	0	0	1	0	0	-2	0	-1	0	0	0	0	0	0	0	0	0	0	0	-1
44010120156	0	0	0	1	2	0	1	0	1	0	0	0	1	0	0	0	0	0	0	-1	0	0	-3	0	-1	0	-1	-1	-1	-2	0	0
44032680156	26	53	72	155	83	4	197	35	125	6	8	165	37	28	14	29	-29	-11	-28	-41	-37	-8	-79	-9	-36	-5	-5	-27	-7	-23	-15	-27
44033217008	0	0	0	2	0	0	1	0	0	0	1	0	0	0	0	0	0	0	0	0	0	0	0	0	0	0	0	0	0	-1	-1	0
44082223825	0	0	0	1	0	0	1	0	1	0	1	0	0	0	0	0	0	0	0	0	0	0	-2	0	0	0	0	0	0	0	0	0
44178599490	1	0	0	6	0	0	7	1	2	0	1	4	2	1	0	1	-2	0	0	0	-1	0	-4	0	-1	0	0	-1	0	0	0	0
44186974600	0	0	0	0	0	0	0	1	1	0	0	0	0	0	0	0	0	0	0	0	0	0	0	0	0	0	0	0	0	0	0	0
44190544823	0	0	2	0	0	0	0	0	1	0	0	0	0	0	0	0	0	0	0	0	0	0	0	0	0	0	0	0	0	0	0	0
44284792501	1	0	0	0	0	0	1	0	0	0	0	0	0	0	1	0	0	0	0	0	0	0	0	0	0	0	0	0	0	0	0	0
44301118648	0	0	0	2	0	1	2	1	1	0	0	0	0	0	0	0	0	0	0	0	0	0	0	0	0	0	0	0	0	0	0	0
44312827017	0	0	0	0	0	0	0	0	0	0	0	0	0	0	0	0	0	0	0	0	0	0	0	0	0	0	0	0	0	0	0	0
44335423400	0	0	0	0	0	0	0	0	0	0	0	0	0	0	0	0	0	0	0	0	0	0	0	0	0	0	0	0	0	0	0	0
44544930993	0	0	0	2	0	0	2	0	0	0	0	0	0	1	0	0	0	0	0	0	0	0	-1	0	0	0	0	0	0	0	0	0
44552008526	4	7	6	7	3	0	14	2	11	0	0	4	2	1	3	1	-7	-1	-3	-4	-1	0	-5	0	-1	-1	-3	-4	0	-3	-4	-2
44559215578	7	4	9	11	1	0	15	4	12	1	1	11	1	4	0	4	-2	0	-4	-4	-3	0	-6	0	-5	0	0	-1	-1	-5	-2	-3
44585816325	1	1	0	2	0	0	1	0	0	0	1	2	0	1	0	0	0	0	0	0	0	-1	-2	0	-2	0	0	0	0	-1	0	0
44661689056	0	1	0	1	0	0	0	0	1	0	0	0	1	0	0	0	0	0	0	0	0	0	0	0	0	0	0	0	0	0	0	0
44745577026	0	21	7	50	12	3	51	11	9	0	27	10	23	2	0	10	0	0	0	-4	-2	0	-4	0	-1	0	-3	-1	-2	-1	0	0
44748338435	0	0	2	13	0	3	8	1	4	1	0	2	6	1	0	2	0	0	0	-1	0	0	-2	-1	-3	0	0	0	-1	-5	0	0
44777754016	0	1	0	0	0	0	1	0	0	0	0	0	1	0	0	0	-1	0	0	0	0	0	0	0	0	0	0	0	0	0	0	-1
44788555645	0	0	0	0	0	0	0	0	2	0	1	0	0	0	0	0	0	0	0	0	0	0	0	0	0	0	-1	0	0	0	0	0
44871796391	3	3	0	12	4	1	9	5	1	0	3	6	4	0	0	0	0	0	0	-2	0	0	-1	-1	0	0	0	0	0	0	0	0
44886527685	17	32	41	120	25	10	140	75	69	7	19	47	58	7	0	5	-7	-6	-12	-8	-10	-3	-37	-12	-20	-2	-5	-8	-15	-22	-5	-18
44902662215	0	2	0	8	1	0	6	2	1	0	3	4	2	1	0	3	0	0	-1	-1	0	0	-1	0	0	0	0	0	0	0	0	-1
44922043321	0	0	0	0	0	0	0	0	0	0	0	0	0	0	0	0	0	0	0	0	0	0	0	0	0	0	0	0	0	0	0	0
44947140572	10	31	10	82	29	6	115	17	20	1	42	44	59	1	2	11	0	-2	-4	-4	-7	0	-13	-1	-2	-2	-2	-3	-1	-5	0	-5
45034056996	0	5	4	5	0	1	7	2	0	0	1	1	1	3	0	0	0	0	-2	0	0	0	-1	-1	0	0	-1	0	-1	-2	0	0
45035180428	18	51	52	85	34	2	115	21	54	2	7	87	33	10	11	11	-30	-3	-13	-27	-10	-2	-38	-7	-25	-1	-6	-8	-2	-12	-14	-6
45100861685	0	0	1	7	1	0	7	0	0	0	0	4	1	0	0	0	0	0	-2	-1	0	0	-3	-1	-2	0	0	0	-1	0	0	-2
45110686469	1	3	4	13	6	1	14	6	8	2	1	10	3	0	0	1	-4	0	0	-1	-5	-1	-6	-2	-1	0	-2	-2	0	-1	0	0
45141518060	0	0	0	0	0	0	0	0	0	0	0	0	0	0	0	0	0	0	0	0	0	0	-1	0	-1	0	0	0	0	0	0	0
45143652016	0	0	0	3	0	0	2	1	0	0	1	0	0	0	0	0	0	0	0	0	0	0	0	0	0	0	0	0	0	0	0	0
45215910558	1	0	0	0	0	0	0	0	1	0	0	1	0	0	0	0	-1	-2	0	0	0	0	-3	-1	0	0	0	0	0	0	-1	-1
45250527080	0	1	0	2	0	0	4	0	2	0	0	1	0	0	0	0	0	0	0	0	-1	0	-1	0	-1	0	0	0	-1	0	0	0
45259857696	0	0	0	0	0	0	1	0	0	0	0	0	0	0	0	0	0	0	0	0	0	0	-1	0	0	0	0	0	0	0	0	0
45328502469	27	51	40	145	47	16	181	84	101	3	3	73	42	17	7	38	-25	-13	-18	-21	-28	-3	-62	-20	-26	0	-1	-10	-8	-18	-13	-24
45350414114	0	0	0	3	0	0	0	0	2	0	0	0	1	0	0	0	0	0	0	0	0	0	0	0	0	0	0	0	0	0	0	0
45384516201	0	0	0	1	1	0	1	0	0	0	0	0	0	0	0	0	0	0	0	0	0	0	0	0	0	0	0	0	0	0	0	0
45449550303	0	1	2	1	1	0	4	2	0	1	0	5	0	0	0	2	0	-1	0	0	0	-1	-1	0	-1	0	0	-3	-1	0	-1	0
45475845560	0	1	2	6	2	0	15	1	8	0	1	6	7	2	1	0	0	-1	0	-1	-4	-1	-3	-1	-2	0	0	-4	0	-2	-1	0
45509001475	0	0	0	1	0	1	3	0	1	0	0	2	1	0	0	0	0	0	0	0	-1	0	0	0	0	0	0	0	0	0	0	0
45539801448	4	19	17	21	10	0	18	9	15	0	0	16	2	1	3	0	-6	-1	-1	-4	-6	0	-6	-2	-1	-1	0	-1	0	-3	-1	0
45550982476	0	0	0	0	0	0	0	0	0	0	0	1	1	0	0	0	0	0	0	-1	0	0	0	0	0	0	0	0	0	0	0	0
45576382979	10	17	35	35	25	3	52	19	32	1	1	19	12	3	1	11	-6	-3	-11	-2	-5	-1	-22	0	-4	-2	-1	-4	-1	-3	-2	-3
45580647462	0	0	0	0	1	0	1	0	0	0	0	0	0	0	0	0	0	0	0	0	0	0	0	0	0	0	0	0	0	0	0	0
45670669348	1	3	5	11	0	1	15	0	2	0	2	15	5	0	2	0	0	0	-5	-4	0	0	-3	0	-5	-2	-1	-2	-1	0	-3	-1
45754335395	1	1	0	3	0	0	1	1	0	0	0	0	0	0	0	1	0	-1	0	0	0	0	-1	-1	-1	0	0	0	0	0	0	0
45764417373	1	1	4	10	2	1	10	2	3	1	1	5	2	1	0	0	-1	0	0	0	0	0	-2	0	-2	0	0	0	0	-1	-1	-1
45771116847	0	2	2	13	0	0	7	0	5	1	1	0	2	2	0	0	0	0	-2	-3	0	0	0	0	0	-1	-1	0	0	-2	0	0
45798826345	70	126	64	233	90	17	320	122	167	8	10	190	78	15	22	45	-40	-14	-26	-35	-48	-2	-106	-28	-36	-7	-6	-37	-14	-23	-23	-19
45814533967	0	1	0	2	1	1	7	2	3	0	0	5	2	0	0	1	-1	0	0	0	0	0	-2	0	0	0	-1	-1	0	-1	0	0
45866309236	0	0	0	0	0	0	0	0	1	0	0	0	0	0	0	0	0	0	0	-1	0	0	0	0	0	0	0	0	0	0	0	0
45884736308	0	2	1	3	0	0	0	0	0	0	0	0	0	0	1	0	0	0	0	0	0	0	0	0	0	0	0	0	0	0	0	0
45897909540	0	0	0	0	0	0	2	0	0	0	0	1	0	0	0	0	0	0	0	0	0	0	0	0	0	0	0	0	0	0	0	0
45903836617	1	0	1	6	1	0	7	0	4	0	0	11	1	1	0	0	-1	0	-2	-5	-2	0	-2	-4	0	-5	0	-2	0	-1	0	-4
520043853889	0	2	0	4	1	1	1	5	0	0	1	1	1	0	0	0	0	0	0	0	0	0	-2	0	0	0	0	0	0	0	0	-1
520114047443	14	16	11	81	13	3	58	29	17	2	19	29	31	6	0	10	-3	-3	-3	-5	-3	-1	-20	-7	-9	-2	-2	-5	-1	-3	-2	-2
520115625297	0	1	2	6	0	0	10	0	0	0	0	1	2	0	0	0	0	0	0	-2	0	0	-2	0	-1	0	0	-1	0	0	0	0
520130554689	0	1	0	1	0	0	2	0	0	0	2	0	1	0	0	1	-1	0	0	0	-1	0	0	-2	0	0	0	0	0	-1	0	-2
520181266191	0	0	0	0	0	0	0	0	0	0	0	0	0	0	0	0	0	0	0	0	0	0	-1	0	0	0	0	0	0	0	0	0
520227547215	0	0	0	1	0	0	2	0	0	0	0	0	1	0	0	0	0	0	0	0	0	0	0	0	0	0	0	0	0	-1	0	0
520302140317	48	56	37	65	38	3	128	45	87	3	9	83	36	12	8	20	-28	-9	-15	-11	-20	-2	-47	-15	-10	-9	-4	-13	-6	-19	-15	-20
520325565409	0	0	1	0	0	0	0	0	0	0	0	0	0	0	0	0	0	0	0	0	0	0	0	0	0	0	0	0	0	0	0	0
520325893616	3	10	1	36	8	0	41	14	9	0	23	9	16	2	0	3	0	-2	-2	-1	0	-1	-12	-4	-5	0	-2	-2	-4	-2	0	-1
520378068591	3	9	11	26	5	0	23	8	19	0	4	9	19	3	2	6	-11	-3	-5	-11	-4	-2	-9	-4	-3	0	-1	-3	-1	-4	-3	-3
520382627632	7	10	7	32	7	0	50	13	25	1	12	35	12	8	0	5	-4	-1	-3	-6	-6	0	-10	-3	-9	-1	-1	-2	-1	-4	-8	-9
520405696911	0	0	0	0	0	0	2	0	0	0	1	0	0	0	0	0	0	0	0	-1	0	0	0	0	-1	0	0	0	-1	0	0	0
520417821879	1	0	0	0	0	0	2	0	0	0	0	1	0	0	0	0	0	0	0	0	0	0	-1	0	0	0	0	0	0	0	0	0
520430783912	3	4	5	14	4	0	20	10	14	0	3	7	2	1	2	1	-6	-1	-4	-9	-4	-1	-14	-1	-6	0	-2	-2	-1	-5	-3	0
520508425184	0	0	0	1	0	0	1	0	0	0	0	0	0	0	0	0	0	0	0	0	0	0	0	0	0	0	0	0	0	0	-1	0
520511100526	7	9	3	21	1	0	23	8	9	0	4	8	7	0	2	11	-4	0	0	-3	0	0	-14	-2	-2	-2	-3	0	0	-1	-1	-5
520526224754	0	0	0	2	0	0	0	1	0	0	1	0	0	0	0	0	0	0	0	0	0	0	0	-1	0	0	0	0	0	0	0	0
520549537077	1	1	0	3	0	0	3	0	0	0	0	2	0	0	0	0	0	0	-1	0	0	0	-1	-2	-1	0	0	0	0	0	0	0
520550186815	0	0	0	0	0	0	1	1	1	0	0	0	0	0	0	0	0	0	0	0	0	0	0	0	0	0	0	0	0	0	0	0
520563220329	0	0	0	0	0	0	0	0	0	0	0	0	0	0	0	0	0	0	0	0	0	0	0	0	0	0	0	0	0	0	0	0
520572067227	0	1	2	3	0	0	6	2	2	0	0	0	0	0	0	0	0	0	0	-1	0	0	-1	0	-1	0	0	0	0	-1	0	0
520590553421	4	7	1	21	3	0	12	12	12	1	1	8	7	2	0	0	-1	0	-2	-2	-2	-1	-4	-5	0	-1	-1	0	-2	-4	0	0
520639356321	7	10	3	29	3	2	26	4	9	1	4	12	14	3	0	3	-2	-2	-3	-7	-3	-1	-10	-4	-8	-1	-1	-2	-1	-5	-6	-5
520644691954	2	11	6	29	7	1	16	8	12	0	11	18	11	4	0	2	-1	0	-1	-2	0	0	-4	-1	0	0	0	-4	0	-3	0	-1
520676510447	0	0	1	1	0	0	0	0	0	0	0	0	0	0	0	0	0	0	0	0	0	0	-1	0	0	0	0	0	0	0	0	0
520698404419	0	0	0	1	0	0	0	0	0	0	1	0	0	0	0	0	0	0	0	0	0	0	0	0	0	0	0	0	0	0	0	0
520734416053	0	0	0	0	0	0	0	1	0	0	0	0	0	0	0	0	0	0	0	0	0	0	0	0	0	0	0	0	0	0	0	0
520809002180	0	0	0	0	0	0	0	0	0	0	0	0	1	0	0	0	0	0	0	0	0	0	0	0	0	0	0	0	0	0	0	0
520812994001	4	7	6	11	8	0	18	4	5	0	1	14	3	1	0	4	-2	-1	-10	-3	-8	0	-2	0	-2	0	-1	-1	-1	-8	0	-1
520838238488	0	0	0	0	0	0	0	0	0	0	0	0	0	0	0	0	0	0	0	0	0	0	0	0	0	0	0	0	0	0	0	0
520843969648	0	0	0	0	0	0	0	0	0	0	0	0	0	0	0	0	0	0	0	0	0	0	0	0	0	0	0	0	0	0	0	0
520851380797	2	6	11	90	1	4	67	5	13	0	30	18	9	2	0	1	0	0	-2	-1	0	0	0	0	0	0	0	-10	0	-3	0	-8
520918497276	0	0	0	0	0	0	2	0	0	0	0	1	0	0	0	0	0	0	0	0	0	0	0	0	0	0	0	0	0	0	0	0
520938896874	1	12	5	12	12	1	8	8	3	1	4	14	6	3	0	5	-6	0	-2	-3	-1	-2	-2	-2	-4	-1	0	-1	-1	-2	-5	-1
520982182072	0	0	1	0	0	0	0	0	0	0	0	0	0	0	0	0	0	0	0	0	0	0	0	0	0	0	0	0	0	0	0	0
520983644335	0	0	0	1	0	0	0	0	0	0	0	0	0	0	0	0	0	0	-1	0	0	0	0	0	0	0	0	0	0	0	0	0
521018930066	0	0	0	0	0	0	0	0	0	0	0	1	0	0	0	0	0	0	0	0	0	0	0	0	0	0	0	0	0	0	0	0
521027733375	0	1	3	3	1	0	4	3	3	0	0	1	3	1	0	0	-1	0	0	-1	0	-1	-2	0	-2	0	0	-1	-3	-4	0	-1
521034361442	1	2	3	3	0	0	6	2	5	0	3	1	4	1	0	1	-1	0	0	0	-1	0	-1	0	0	0	0	0	0	0	0	0
521053654795	0	0	1	1	2	0	2	0	0	0	0	0	0	0	0	0	0	0	-1	-1	0	0	-1	0	0	0	0	0	0	-1	0	-1
521066963487	1	2	0	5	0	0	5	1	0	0	2	2	0	1	0	0	0	0	0	-1	0	0	-2	0	-1	0	0	-1	0	-1	0	-3
521077526839	0	1	1	1	1	1	4	2	4	2	1	0	0	0	0	1	-1	0	-1	0	0	-1	-2	0	0	0	0	0	0	-1	0	0
521080764079	15	55	35	79	63	0	101	19	33	2	10	121	46	14	5	20	-7	-7	-6	-7	-22	-1	-40	-5	-8	0	0	-15	-5	-12	-4	-5
521090435285	1	3	1	16	3	3	10	2	2	1	1	14	2	0	0	1	-1	-2	-1	-2	-1	-1	-1	0	-4	0	-2	0	0	-1	-2	-2
521101633420	0	0	0	0	0	0	0	0	0	0	0	0	0	0	0	0	0	0	0	-1	0	0	-1	0	0	0	0	0	0	0	0	0
521138285812	0	0	1	0	0	0	0	0	0	0	0	0	0	0	0	0	-1	0	0	-1	0	0	0	0	-1	0	0	0	-1	0	0	0
521138717044	0	0	0	0	0	0	2	0	0	0	0	0	2	0	0	0	0	0	0	-1	0	0	0	0	0	0	0	0	0	0	0	0
521217095954	0	0	0	0	0	0	0	0	0	0	0	0	0	0	0	0	0	0	0	0	0	0	0	0	0	0	0	0	0	0	0	0
521268844134	0	0	0	19	0	0	11	0	2	0	7	3	2	0	0	0	0	0	0	0	0	0	-1	0	0	0	0	0	0	0	0	0
521338681116	0	0	0	1	0	0	0	0	0	0	0	0	0	0	0	0	0	0	0	0	0	0	0	0	0	0	0	0	0	0	0	0
521413424310	0	0	0	0	0	0	0	0	0	0	0	0	0	0	0	0	0	0	0	0	0	0	0	0	0	0	0	0	0	0	0	0
521433725070	68	135	73	317	71	12	280	140	206	12	25	187	112	39	29	47	-51	-12	-29	-34	-43	-4	-139	-33	-48	-10	-7	-30	-18	-48	-10	-39
521455940859	0	0	0	1	0	0	4	0	1	0	0	1	1	0	1	0	-1	0	0	-1	-1	0	0	0	-1	0	0	0	0	0	0	-1
521488039284	1	0	0	6	1	1	6	1	3	0	0	4	4	0	0	0	0	0	0	0	0	0	-2	-1	-1	0	-1	-1	0	0	0	0
521534274005	0	0	1	2	0	0	1	2	0	0	2	1	1	0	0	0	0	0	0	0	0	0	0	0	0	0	0	0	0	0	0	0
521541108761	2	6	2	8	3	1	21	8	10	1	0	4	2	1	2	2	-1	-1	0	0	-2	-2	-6	-4	-1	-1	0	0	-1	-3	0	0
521588135569	0	0	0	1	1	0	0	0	0	0	1	0	0	0	0	0	0	0	-1	0	0	0	-2	-1	0	0	0	0	0	0	0	0
521599029415	3	10	12	39	6	3	48	11	17	1	13	19	36	1	0	8	-1	0	-3	-9	-1	0	-5	0	-7	-1	-1	-3	-6	-4	-2	-3
521599309895	0	0	0	0	0	0	0	1	0	0	0	0	0	0	0	0	0	0	0	0	0	0	0	0	0	0	0	0	0	0	0	0
521663265901	4	23	50	103	44	11	118	49	47	1	10	137	65	12	5	19	-6	-7	-18	-15	-21	-5	-34	-7	-16	-5	-2	-10	-5	-21	-10	-15
521688815762	3	3	1	9	3	1	10	5	4	0	1	3	7	1	1	1	-1	-2	-1	0	-2	0	-6	0	-2	0	-1	0	-1	-2	-1	-2
521691803556	0	0	0	0	0	0	1	0	1	0	0	0	0	0	0	0	0	0	0	0	0	0	-1	0	0	0	0	0	0	0	0	0
521706573562	30	55	75	153	59	4	156	98	57	2	20	99	69	24	11	24	-11	-10	-21	-20	-22	-8	-88	-21	-24	-5	-12	-11	-33	-48	-10	-23
521714005178	1	0	3	3	0	0	3	1	0	0	1	2	1	1	1	1	0	-1	-1	0	-1	0	-2	0	0	0	0	-1	-2	-1	-1	0
521716315869	4	6	7	12	9	0	18	2	5	0	3	6	12	0	1	4	-1	0	-3	-1	-2	-2	-3	-1	-6	0	0	0	-3	-1	-1	-1
521723841873	0	0	0	0	0	0	0	0	0	0	0	0	0	0	0	0	0	0	0	0	0	0	0	0	0	0	0	0	0	0	0	0
521767563295	0	0	0	0	0	0	1	0	0	0	0	0	0	0	0	0	0	0	0	0	0	0	0	0	0	0	0	0	0	0	0	0
521803807166	0	0	0	0	0	0	1	0	0	0	0	0	0	0	0	0	0	0	0	0	0	0	0	0	0	0	0	0	0	0	0	0
521806711517	0	0	0	0	0	0	0	0	0	0	0	0	1	0	0	0	0	0	0	0	0	0	0	0	0	0	0	0	0	0	0	0
521808801594	0	0	0	0	0	0	0	1	0	0	0	0	1	0	0	1	0	0	0	0	0	0	0	0	0	0	0	0	0	0	0	0
521818918281	0	0	0	0	0	0	0	0	0	0	0	0	0	0	0	1	0	0	0	0	0	0	0	0	0	0	0	0	0	0	0	0
521822481683	0	0	0	0	0	0	0	0	0	0	0	0	0	0	0	0	0	0	0	0	0	0	0	0	0	0	0	0	0	0	0	0
521834923952	0	0	0	1	0	0	1	0	2	0	0	0	0	0	0	0	0	0	0	-1	0	0	-1	0	-1	0	0	0	0	0	0	0
521877092474	0	1	0	1	1	0	0	0	0	0	0	1	1	0	0	1	0	0	0	0	0	0	-2	0	0	0	0	0	0	0	-1	0
521880554558	0	0	0	0	0	0	0	0	0	0	0	0	0	0	0	0	0	0	0	0	0	0	0	0	0	0	0	0	0	0	0	0
521912031390	1	4	6	6	1	1	19	6	26	0	1	5	3	2	0	3	-2	-3	-1	-2	-3	0	-8	-1	-1	-2	0	-1	0	-7	-1	-2
521913171707	8	27	26	116	9	8	121	61	42	1	13	45	49	17	5	12	-4	-9	-19	-21	-8	-9	-73	-7	-27	-6	-5	-5	-25	-35	-4	-7
521913815032	6	31	19	86	6	3	76	24	39	2	9	18	37	9	2	2	-5	-7	-14	-19	-7	-3	-38	-8	-18	-2	-3	-2	-12	-17	-8	-8
521928627764	0	0	2	3	1	0	8	6	10	0	3	0	2	0	0	1	-3	0	0	0	-1	-1	0	0	-2	0	0	0	0	-1	0	-1
521964505512	0	0	0	4	0	0	3	1	0	0	0	1	2	0	0	0	0	0	0	0	0	-1	0	0	0	0	0	-1	0	0	0	0
521972128966	0	0	0	0	0	0	0	0	0	0	0	0	0	0	0	0	0	0	0	0	0	0	0	0	0	0	0	0	0	0	0	-2
521974084032	40	124	97	208	96	32	265	124	140	13	23	285	115	33	21	33	-47	-21	-28	-19	-37	-7	-121	-25	-21	-5	-8	-53	-5	-39	-21	-13
521989833416	0	1	1	0	0	0	2	0	0	0	0	0	1	1	0	0	0	-1	0	0	0	-1	-4	0	0	0	0	0	0	-3	0	0
522001447908	0	0	0	4	0	0	0	0	2	0	0	1	1	0	0	0	0	0	-1	-2	-1	0	-2	0	0	0	0	-1	0	-1	0	0
522021341758	2	1	0	3	0	3	5	0	0	0	1	6	0	0	0	0	0	0	-1	0	0	0	-2	-1	0	0	0	-1	0	-2	-2	0
522026016683	1	2	2	9	0	1	15	2	5	0	1	6	5	0	0	0	-2	0	-2	-1	0	0	-3	-1	0	0	0	0	0	0	-1	0
522033382706	0	0	0	0	0	0	0	0	0	0	0	0	0	0	0	0	0	0	0	0	0	0	0	0	0	0	0	0	0	0	0	0
522035728996	0	0	0	2	2	0	3	0	0	0	0	1	0	1	0	0	0	0	0	-1	0	0	0	0	-1	0	-1	-1	0	0	0	0
522047566774	11	39	53	172	50	44	274	71	107	8	15	112	80	7	6	20	-17	-16	-22	-19	-38	-24	-106	-19	-25	-15	-9	-55	-13	-6	-5	-14
522081067055	16	41	73	258	21	37	248	150	127	3	28	150	173	29	4	13	-8	-6	-19	-22	-10	-18	-143	-21	-21	-5	-5	-31	-37	-38	-1	-6
522116614854	0	3	0	1	0	0	2	0	5	0	1	0	2	1	0	0	0	-1	0	0	0	0	-3	-1	0	0	0	0	0	0	0	0
522145971977	0	0	0	2	0	0	0	0	0	0	0	0	0	0	0	0	0	0	0	0	0	0	0	0	0	0	0	0	0	0	0	0
522148578263	0	0	0	0	0	0	0	0	0	0	0	0	0	0	0	0	0	0	0	0	0	0	-2	0	0	0	0	0	0	0	0	0
522164073929	0	0	0	0	0	0	0	0	0	0	0	0	0	0	0	0	0	0	0	0	0	0	0	0	0	0	0	0	0	0	0	0
522167247088	3	5	13	47	3	0	34	7	26	0	5	2	7	2	2	2	-3	-2	-9	-8	-2	-2	-11	-1	-12	-2	-1	0	-1	-9	0	-1
522171138976	3	2	0	10	1	0	10	3	4	0	1	4	2	0	0	2	-1	-1	0	-1	-1	0	-2	-2	0	0	0	0	0	0	0	0
522172899503	2	4	5	6	3	0	13	4	5	0	1	9	2	2	1	1	-1	-2	-4	-2	-1	0	-8	-2	-5	-4	-1	-3	-1	-4	-1	-7
522188829464	0	0	1	4	0	0	3	2	7	1	0	0	1	0	0	0	0	-2	-1	-1	0	0	-1	0	-1	0	-1	0	0	0	0	0
522193649495	0	0	0	0	0	0	0	0	0	0	0	0	0	0	0	0	0	0	0	0	0	0	0	0	0	0	0	0	0	0	0	0
522556661793	0	0	0	0	0	0	0	0	0	1	0	0	0	0	0	0	0	0	0	0	0	0	0	0	0	0	0	0	0	0	0	0
522559800776	0	0	0	0	0	0	0	0	0	0	0	0	0	0	0	0	0	0	0	0	0	0	-1	0	0	0	0	0	0	0	0	0
522568897149	0	0	1	1	0	0	1	0	1	0	0	0	1	0	0	0	-1	0	0	0	-1	0	0	0	-1	0	0	0	0	0	0	0
522609380514	1	3	1	10	0	0	3	2	3	0	2	2	3	1	0	1	0	0	-1	0	0	0	-3	-1	-1	0	0	-1	0	0	0	0
522636198803	0	1	0	5	0	0	0	0	1	0	0	0	0	0	0	0	0	0	-2	0	0	0	0	0	-1	0	0	0	0	0	0	0
522646800170	0	0	0	1	0	0	1	1	1	0	0	0	0	0	0	0	0	0	0	0	0	0	0	0	0	0	0	0	0	0	0	0
522661948365	0	0	0	1	1	0	2	1	0	0	0	1	0	0	0	0	0	0	-1	0	0	0	0	0	0	0	0	0	0	0	0	0
522672693841	0	0	0	1	1	0	1	0	3	0	1	1	0	0	1	0	-1	0	0	0	-1	0	0	0	0	0	0	0	0	0	-1	0
522681122989	0	0	0	0	0	0	0	0	0	0	0	0	0	0	0	0	0	0	0	0	0	0	0	0	0	0	0	0	0	0	0	0
522859260489	0	0	0	0	1	0	4	0	1	0	0	0	0	0	0	1	0	0	-1	-1	0	0	-1	0	-1	0	0	0	0	-1	0	0
522869936492	1	3	2	0	0	0	4	1	0	0	0	0	1	0	0	1	0	0	0	0	-3	0	-1	0	0	0	0	0	0	0	0	0
522917013088	0	0	0	0	0	0	0	0	0	0	0	0	0	0	0	0	0	0	0	0	0	0	0	0	0	0	0	0	0	0	0	0
522919696061	0	0	0	0	0	0	1	0	0	0	0	0	0	0	1	0	0	0	0	0	0	0	0	0	0	0	0	0	0	0	0	-1
522932434722	0	0	0	0	0	0	0	0	0	0	0	0	0	0	0	0	0	0	0	0	0	0	0	0	0	0	0	0	0	0	0	0
522945219926	8	12	19	40	37	1	60	12	25	0	4	67	21	3	5	3	-8	-1	-2	-8	-7	-2	-18	-3	-9	0	-3	-9	-3	-4	-1	-4
522949744806	0	0	0	0	0	0	0	0	0	0	1	0	0	0	0	0	0	0	0	0	0	0	0	0	0	0	0	0	0	0	0	0
523001059940	1	5	7	24	3	0	12	3	15	0	2	5	7	0	0	0	0	0	0	-4	-1	0	-5	-2	-6	0	0	-1	0	-3	-1	0
523004243191	0	0	0	0	0	0	0	0	0	0	0	0	0	1	0	0	0	0	0	0	0	0	0	0	0	0	0	0	0	0	0	0
523087476050	0	0	0	0	0	0	0	1	0	0	0	1	0	0	0	0	0	0	0	0	0	0	0	-1	0	0	0	0	0	0	0	0
523088960658	0	0	1	0	0	0	2	1	2	0	0	0	1	0	0	0	0	0	0	-2	0	0	-1	0	0	0	0	0	-1	0	-1	0
523090523193	0	3	3	7	1	0	3	1	1	0	1	3	3	0	0	0	0	-2	-1	-1	0	0	0	0	-2	0	0	0	-1	0	0	0
523110735725	0	0	0	0	1	0	0	0	0	0	0	0	0	0	0	0	0	0	0	0	0	0	0	0	0	0	0	0	0	0	0	0
523112239410	3	13	8	26	9	4	39	12	30	0	3	24	18	2	1	4	-2	-2	-7	-7	-9	-1	-13	-2	-7	-3	-3	-2	-3	-9	-2	-6
523127619389	0	1	0	3	0	0	0	1	0	0	0	0	0	0	0	0	0	0	0	0	0	0	-1	0	0	0	-1	0	0	-1	0	0
523155151787	0	0	0	0	0	0	0	0	0	0	0	0	0	0	0	0	0	0	0	0	0	0	0	0	0	0	0	0	0	0	0	0
523179197816	31	49	26	77	36	0	108	51	46	0	6	11	37	19	8	23	-19	-7	-7	-9	-17	-3	-54	-21	-19	-6	-3	-9	-5	-22	-12	-11
523181338484	1	2	1	3	0	0	14	1	3	0	2	6	4	0	1	0	0	0	0	0	-2	0	-1	0	-2	0	0	-2	0	0	0	0
523181757540	0	0	0	0	0	0	0	0	1	0	0	0	0	0	0	0	0	0	0	0	0	0	0	0	0	0	0	0	0	-1	0	0
523222800698	0	0	0	2	0	0	1	0	0	0	0	0	0	0	0	0	0	0	0	-1	0	0	-1	0	0	0	0	-1	0	0	0	0
523243440206	12	36	37	99	17	7	108	70	68	4	21	43	53	18	3	5	-2	-7	-8	-12	-6	-10	-76	-9	-19	-3	-6	-6	-13	-26	-5	-9
523245757648	0	0	0	0	0	0	1	0	0	0	0	0	0	0	0	0	0	0	0	0	0	0	0	0	0	0	0	0	0	0	0	0
523254226629	1	0	0	2	0	1	2	0	0	0	0	0	0	3	0	0	0	0	0	0	0	0	0	0	-1	0	0	0	-1	0	0	0
523289383214	15	20	20	34	18	2	67	20	40	0	10	12	16	7	6	9	-10	-3	-8	-8	-2	-4	-12	-4	-6	0	-4	-1	-1	-7	-4	-8
523316823517	0	0	0	0	0	0	0	0	0	0	0	0	0	0	0	0	0	0	0	0	0	0	0	0	0	0	0	0	0	0	0	0
523362566555	4	2	1	33	6	1	19	11	12	0	5	12	9	5	0	6	-1	0	-2	-4	0	-1	-12	-2	-1	0	-2	-3	-5	0	0	-2
523372220400	0	0	2	0	0	0	1	1	1	0	0	0	0	0	0	0	0	0	0	0	0	0	-2	-1	0	0	0	0	0	0	0	0
523386257419	2	4	2	9	5	1	7	2	2	0	0	4	2	1	0	4	0	0	-1	-1	0	0	-3	-1	-3	-1	0	0	0	-1	-1	-3
523396036089	3	4	7	26	3	4	22	11	17	1	11	14	5	4	1	0	-4	-2	-4	-5	0	-3	-11	-7	-13	-1	-6	-4	-13	-12	-2	-6
523406488596	0	0	0	0	0	0	0	0	0	0	0	0	0	0	0	0	0	0	0	-1	0	0	0	0	0	0	0	0	0	0	0	0
523739921346	0	0	1	0	0	0	1	1	0	0	0	1	0	0	0	0	0	0	0	0	0	0	0	0	0	0	0	0	0	0	0	0
523746003517	0	0	0	2	0	0	2	0	1	0	0	1	1	0	0	0	0	0	0	0	0	0	-2	0	-1	0	0	0	0	0	0	0
523806866206	0	0	1	1	0	0	0	0	0	0	1	1	0	0	0	0	0	0	0	0	0	0	0	0	0	0	0	0	0	0	0	0
523818109577	1	10	8	36	3	2	23	1	12	2	4	16	11	1	1	3	0	-2	-7	-7	-4	0	-19	-2	-5	-8	-4	-2	-13	-15	-1	-6
523915219226	3	1	3	24	3	1	21	2	7	0	3	18	4	4	0	1	-9	-2	-4	-4	-2	0	-12	-5	-8	-2	-1	-5	-10	-3	-4	-4
523932465532	0	1	0	0	0	0	0	0	0	0	0	0	0	0	0	0	0	0	0	0	0	0	0	0	0	0	0	0	0	0	0	0
523946168926	0	0	0	2	0	0	2	0	0	0	0	0	1	0	0	0	0	0	0	0	0	0	-2	0	-1	0	0	0	0	0	0	0
523966103561	24	26	13	64	20	1	59	16	19	1	13	55	21	8	16	23	-10	-3	-9	-7	-7	0	-11	-14	-18	-1	-1	-9	-5	-4	-3	-13
523967302170	0	0	0	0	0	0	0	0	0	0	0	0	0	0	0	0	0	0	0	-1	0	0	0	0	0	0	0	0	0	0	0	0
523992385094	0	3	1	12	3	0	13	8	2	0	12	3	10	2	1	0	0	0	0	-1	-1	0	-2	-2	-1	0	0	-1	0	0	0	-3
524002142844	0	1	1	1	0	0	5	0	5	0	0	1	1	0	0	0	0	0	-1	-2	0	0	-2	0	-2	0	0	0	0	0	0	0
524003708332	1	0	0	0	0	0	1	2	3	0	0	1	0	2	0	0	0	-1	-1	-2	0	0	-1	-1	-2	0	-1	-1	0	0	0	0
524028525289	6	12	6	11	5	5	26	13	31	1	5	7	14	6	1	3	-2	-1	-4	-1	-3	-3	-14	-3	-8	-3	-2	0	-3	-7	-1	-6
524035493860	2	13	10	41	14	4	63	32	29	3	2	6	17	3	2	2	-2	-1	-8	-3	-4	-1	-10	-2	-3	0	0	-4	-8	-10	-1	-2
524038794204	0	0	0	0	0	0	0	0	0	0	0	0	0	0	0	0	-1	0	0	0	0	0	0	0	0	0	0	0	0	0	0	-1
524063262418	0	0	0	1	0	0	0	0	0	0	0	0	0	0	0	0	0	0	-2	-3	-1	0	0	0	0	0	0	-1	-1	0	0	0
524066322657	0	0	0	0	0	0	2	0	0	0	1	1	3	0	0	0	0	0	0	0	0	0	0	0	-2	0	0	-1	0	0	0	0
524095763333	0	0	0	0	0	0	0	0	1	0	0	0	0	0	0	0	0	0	0	0	0	0	0	0	0	0	0	0	0	0	0	-1
524097624737	0	0	0	0	0	0	0	0	0	0	0	0	0	0	0	0	0	0	0	0	0	0	0	0	0	0	0	0	0	0	0	0
524117817578	0	0	0	0	0	0	1	0	0	0	0	0	0	0	0	0	0	0	0	0	0	0	0	0	0	0	0	0	0	0	0	0
524141226078	5	6	7	41	6	6	28	9	13	0	0	16	10	2	0	1	-2	-1	-3	-3	-3	0	-12	-2	-5	0	-1	-1	-1	0	-3	0
524144857980	0	0	0	0	0	0	0	0	0	0	0	0	0	0	0	0	0	0	0	0	0	0	0	0	0	0	0	0	0	0	0	0
524192764791	11	35	21	62	26	0	76	25	24	0	26	26	34	2	4	4	-7	0	-9	-22	-8	-2	-18	-5	-5	-1	-1	-3	-4	-9	-3	-11
524193819510	0	0	1	1	1	0	0	0	1	0	2	3	2	0	0	0	0	0	0	0	0	0	0	0	0	0	0	0	0	0	0	0
524194003300	0	0	0	2	0	0	2	1	1	0	0	2	0	0	0	0	0	0	0	0	0	0	0	-1	0	0	0	-1	0	-1	0	0
524209193664	4	15	10	34	10	0	27	12	11	0	7	23	18	0	1	4	-3	0	-9	-10	-3	0	-6	-4	-8	-1	-1	-1	-3	-5	-3	-7
524218884327	0	0	0	0	1	0	1	0	0	0	0	0	1	0	0	0	0	0	0	0	-1	0	0	0	0	-1	0	-1	0	0	0	0
524234540147	4	8	8	55	7	5	37	29	35	1	1	22	26	5	2	4	-3	-3	-3	-8	-2	-1	-31	-8	-14	-2	-2	-7	-8	-18	0	-1
524241775894	1	1	1	3	0	0	4	3	3	1	1	1	2	0	0	0	0	0	0	0	0	0	-3	0	0	0	0	-1	0	-2	0	0
524243080071	0	0	0	0	0	0	0	0	0	0	0	0	0	0	0	0	0	0	0	0	0	0	0	0	0	0	0	0	0	0	0	0
524325793791	0	1	0	0	0	0	1	0	0	0	0	1	0	0	0	0	0	0	0	0	0	0	0	0	0	0	0	0	0	0	0	0
524354455530	0	2	0	0	0	0	3	2	4	0	1	1	0	0	0	2	0	0	-1	0	0	0	-1	0	-2	0	0	0	0	0	0	0
524360429022	10	13	20	62	23	11	67	17	21	2	18	62	29	3	3	6	-2	-9	-8	-6	-25	-7	-21	-5	-14	-6	-6	-17	-8	-8	-9	-5
524362393829	1	0	1	2	2	0	3	1	4	0	0	3	3	0	0	0	-1	0	0	0	0	0	-2	0	0	0	0	0	0	0	0	-2
524366515191	1	2	1	3	4	0	2	0	2	0	0	6	2	1	0	0	-1	-1	-2	-1	0	0	-4	0	-1	-1	-2	-1	0	0	0	-4
524396328824	0	0	0	0	0	0	0	0	0	0	0	0	0	0	0	0	0	0	0	0	0	0	0	0	0	0	0	0	0	0	0	0
524424415735	6	4	5	20	1	0	20	6	6	1	7	1	3	4	1	7	-3	0	-3	-8	0	0	-6	-2	-7	-2	0	-2	-6	-2	0	-4
524426943516	0	0	0	0	0	0	0	1	0	0	0	0	0	0	0	0	0	0	0	0	0	0	-1	0	0	0	0	0	0	0	0	0
524541403868	0	0	0	0	0	0	0	0	0	0	0	0	0	0	0	0	0	0	0	0	0	0	0	0	0	0	0	0	0	0	0	0
524567037628	0	0	0	0	0	0	0	0	0	0	0	0	0	0	0	0	0	0	0	0	0	0	0	0	0	0	0	0	0	0	0	0
524572671957	0	1	3	5	0	0	3	3	4	0	1	2	2	1	0	1	0	0	-1	-1	-1	0	-3	-1	-1	0	0	0	0	0	0	-1
524603659851	0	2	2	6	0	1	4	6	3	0	2	3	4	0	0	0	0	-1	0	0	0	0	-2	-1	-1	0	0	0	0	-1	0	0
524607131094	0	4	3	4	0	1	9	9	6	0	3	6	4	1	0	2	-1	-1	-3	-3	-1	-1	-7	-1	-1	-1	0	-2	-2	-3	-2	-1
524611564348	0	1	1	4	0	0	2	0	1	0	1	3	1	0	0	0	0	0	0	0	0	0	0	0	0	0	0	-3	0	0	0	0
524642649082	0	0	0	0	0	0	0	0	0	0	0	0	0	0	0	0	0	0	0	0	0	0	-1	0	0	0	0	0	0	0	0	0
524653081865	7	8	9	28	8	0	21	4	8	1	2	9	10	1	2	4	0	-1	0	-2	-2	0	-9	-2	-4	-1	-3	-3	-3	-2	-5	-2
524662813917	0	0	0	2	0	1	1	1	2	0	0	0	0	2	0	0	0	0	0	0	0	-1	0	0	0	0	0	0	0	0	0	0
524701001840	2	7	3	11	4	2	19	8	5	0	2	8	4	2	0	2	-3	-1	-2	0	-1	0	-5	-1	-5	0	-1	0	0	-1	-1	-3
524728434741	0	0	0	0	0	0	1	2	2	0	1	2	2	0	0	0	0	0	0	0	0	0	0	0	0	0	0	0	0	0	0	0
524737167966	1	5	0	3	0	1	5	9	1	0	0	2	3	2	3	0	-1	0	0	0	0	-1	-2	-4	-2	0	0	-1	0	-1	0	-1
524738091248	0	0	0	1	0	0	0	0	1	0	2	1	2	0	0	0	0	0	0	0	0	0	-1	0	-2	0	-1	0	-2	0	0	0
524761573164	0	0	0	1	0	0	1	0	0	0	0	0	0	0	0	0	0	0	0	0	0	0	0	0	0	0	0	0	0	0	0	0
524785743981	1	1	0	2	0	0	2	2	1	0	0	7	0	0	0	1	0	0	0	0	-1	0	0	0	0	0	0	0	0	0	0	0
524786947047	0	1	0	0	0	0	0	0	0	0	0	0	1	0	0	0	0	0	0	0	0	0	0	0	0	0	0	0	0	0	0	0
524793774908	0	2	2	2	0	0	2	1	2	0	0	0	0	1	0	0	0	0	0	0	0	0	0	0	-1	0	0	-1	-1	-2	0	0
524793863169	0	0	1	5	1	0	8	3	0	0	0	2	3	0	0	0	0	0	0	0	0	0	-1	-1	0	-1	0	0	-1	0	0	0
524794357946	0	1	1	0	0	1	1	0	0	0	0	0	1	0	0	0	0	0	-1	0	0	0	-2	0	0	0	0	0	-1	-1	0	0
524805392721	1	1	10	25	0	1	18	7	10	1	4	9	6	1	0	1	-1	0	-4	0	0	0	-12	-1	-2	0	-3	-2	-1	-3	-1	-1
524807521846	23	40	26	90	41	1	146	42	53	1	10	48	28	12	4	13	-10	-8	-21	-39	-14	-1	-40	-13	-13	-7	-6	-4	-11	-14	-11	-11
524818756672	0	1	0	0	0	0	0	0	0	0	0	0	0	0	1	0	0	0	0	0	0	0	0	0	0	0	0	0	0	0	0	0
524819266227	0	4	3	15	2	1	7	0	8	0	3	9	6	0	0	1	-2	-1	-1	-1	-1	-1	-5	-1	-1	0	-2	-1	-4	-3	-1	-1
524861461627	0	0	1	1	0	0	0	0	0	0	0	0	1	0	0	0	0	0	0	0	0	0	0	0	0	0	0	0	0	0	0	0
524904788541	0	0	0	0	0	0	0	0	0	0	0	0	0	0	0	0	0	0	0	0	0	0	0	0	0	0	0	0	0	0	0	0
524933045414	0	0	0	0	0	0	0	0	0	0	0	0	0	0	0	0	0	0	0	0	0	0	0	0	0	0	0	0	0	0	0	0
524944080134	0	0	0	0	0	0	0	0	0	0	0	1	0	0	0	0	0	0	0	0	0	0	-1	0	-1	0	0	0	0	0	0	0
524967039664	0	0	0	1	0	0	0	0	0	0	0	0	1	0	0	0	0	0	0	0	0	0	0	0	0	0	0	0	0	0	0	0
525005867648	0	0	0	0	0	0	0	0	0	0	0	0	0	0	0	0	0	0	0	-1	-1	0	0	-1	0	0	0	0	0	0	0	0
525012616674	0	0	0	0	0	0	2	0	0	0	0	1	1	0	1	0	0	0	0	0	0	0	0	0	0	0	0	0	0	0	0	0
525039821826	2	0	0	0	0	0	1	0	0	0	0	1	1	1	0	0	0	0	0	0	0	0	0	0	0	0	0	-1	0	-1	0	0
525068265354	0	0	0	0	0	0	1	1	0	0	0	0	0	0	0	0	0	0	0	0	0	0	-1	0	0	0	0	0	0	-1	0	0
525088304517	0	0	0	0	0	0	1	0	0	0	0	0	0	0	0	0	0	0	0	0	0	0	0	0	0	0	0	0	0	0	0	0
525111065472	0	0	0	3	0	0	2	0	0	0	0	0	0	0	0	0	0	-1	0	0	0	0	-2	0	0	0	0	0	0	0	0	0
525120111852	0	0	0	0	0	0	0	0	0	0	0	0	0	0	0	0	0	0	0	0	0	0	-1	0	0	0	0	0	0	0	0	0
525156620240	0	0	0	0	0	0	1	0	0	0	0	0	0	0	0	0	0	0	0	0	0	0	0	0	-1	0	0	0	0	0	0	0
525252064978	0	0	1	3	0	0	2	0	3	0	1	0	0	0	0	0	0	0	-2	-1	0	0	0	0	-1	0	0	0	0	0	0	-1
525296553025	0	5	6	9	2	0	5	2	5	0	0	1	5	2	0	0	0	-1	-5	0	-1	0	-1	0	-2	0	0	0	0	0	0	0
525351980255	0	0	0	0	0	0	0	0	0	0	0	0	0	0	1	0	0	0	0	-1	0	0	0	0	0	0	-1	0	0	0	0	0
525384788592	20	57	27	129	35	3	119	78	46	0	6	30	51	4	1	13	-6	-7	-18	-26	-10	-2	-36	-13	-17	-3	-3	-1	-7	-5	-2	-19
525433182284	0	0	0	0	0	0	0	0	0	0	0	0	0	0	0	0	0	0	0	0	0	0	0	0	0	0	0	0	0	0	0	0
525471024344	9	10	3	16	8	4	16	10	11	0	3	3	8	7	1	9	-1	-1	-3	-5	-4	0	-9	-2	-3	-2	-1	0	0	-4	-2	-7
525482183361	0	0	0	2	0	0	4	0	4	0	0	1	1	0	0	0	0	0	0	0	-1	0	-1	0	-1	0	0	0	0	0	0	0
525502021619	0	0	0	0	0	0	0	0	0	0	0	0	0	0	0	0	0	0	0	0	0	0	0	0	0	0	0	0	0	0	0	0
525502723643	1	0	0	1	2	0	2	0	1	0	4	0	1	0	0	0	0	0	-1	0	0	0	-2	0	0	0	-1	-2	0	0	0	0
525502855807	0	1	0	3	0	0	6	0	3	0	0	0	0	0	0	0	0	0	0	0	0	0	-1	0	0	0	0	0	0	-1	0	0
525506360946	4	12	14	27	7	0	38	17	40	0	4	9	14	11	1	5	-7	-3	-2	-7	-2	-2	-10	-2	-10	-2	-2	-2	-1	-10	0	-4
525517507907	1	0	4	3	3	0	3	0	6	0	0	4	1	0	0	1	-3	-2	-1	0	0	0	-3	0	-1	0	-1	-1	-1	-1	-1	-2
525520313278	0	1	0	0	0	0	0	0	0	0	0	0	1	0	0	0	0	0	0	0	0	0	0	0	0	0	0	0	0	0	0	0
525551886094	0	0	0	0	0	0	0	0	1	0	0	0	0	0	0	0	0	0	0	0	0	0	-1	0	0	0	0	0	0	0	0	0
525555343823	0	3	0	1	0	0	2	1	0	0	0	0	1	0	0	0	0	0	0	0	0	0	0	-1	-2	0	0	0	0	0	0	0
525559623320	0	4	2	6	0	0	3	1	4	0	0	2	0	0	0	0	0	-1	-2	0	-1	-1	-3	0	-1	0	0	0	0	-1	0	0
525563558687	0	0	0	0	0	0	0	0	0	0	0	0	0	0	0	0	0	0	0	0	0	0	-2	0	0	0	0	0	0	0	0	0
525569609731	1	0	0	3	0	0	3	0	1	0	0	1	1	1	0	0	0	0	0	0	0	-1	-2	0	0	0	0	0	0	0	0	0
525621507864	0	0	0	0	0	0	0	1	0	0	0	0	0	0	0	0	0	0	0	0	0	0	0	0	0	0	0	0	0	0	0	0
525630161808	1	3	2	10	1	0	17	8	5	2	0	3	6	1	0	2	-1	0	-4	-1	-1	0	-11	0	-7	-1	-1	0	-1	-3	-1	-3
525657960803	0	0	0	0	0	0	1	0	0	0	0	0	0	0	0	0	0	0	0	0	0	0	0	0	0	0	0	0	0	0	0	0
525682907381	6	10	9	20	9	4	48	19	17	0	6	36	13	2	4	4	0	-2	-5	-3	-3	-3	-18	-2	-8	-1	-2	-6	-3	-10	0	-3
525734962531	0	1	2	3	0	0	7	0	3	0	0	0	0	0	0	3	0	0	-1	0	0	0	0	0	-1	0	0	0	0	0	0	0
525745295085	3	1	3	18	5	1	16	3	13	1	2	7	3	1	0	0	0	0	0	-3	-1	-1	-12	0	0	-1	-2	-2	-1	-5	-2	-1
525746331500	0	2	0	5	2	0	3	1	1	0	2	4	1	0	0	1	-1	0	-1	-1	0	0	-1	0	0	0	0	-1	0	-1	-1	-1
525760682631	0	0	0	0	0	0	0	1	0	0	0	0	0	0	0	0	0	0	0	-1	0	0	-2	0	0	0	0	0	0	0	0	0
525764133685	0	0	1	0	1	1	2	0	0	0	0	0	0	0	0	0	-1	0	0	0	0	0	-1	0	-1	0	0	0	0	-1	0	-1
525767076946	0	0	1	5	0	0	1	0	1	0	0	0	0	0	0	0	0	0	0	0	0	0	0	0	0	0	0	0	0	0	0	0
525768061589	2	2	4	13	1	0	11	11	4	1	1	15	5	6	0	1	0	-1	-4	-4	-1	-1	-13	-2	-5	-3	-2	-1	-9	-4	0	-4
525840902880	14	40	12	97	39	6	94	22	48	2	31	58	43	11	8	10	-15	-1	-8	-25	-11	-1	-29	-9	-20	-3	-4	-8	-6	-19	-12	-10
525893878039	0	0	0	3	0	0	3	0	3	0	1	0	0	0	0	0	0	0	0	0	0	0	-1	0	0	0	0	0	0	0	0	0
525927814508	0	10	4	23	7	1	18	4	10	0	0	11	5	0	1	1	0	-1	-2	0	-1	-2	-3	0	-1	0	0	-1	-2	0	0	-1
525942055139	69	79	59	91	58	9	174	67	108	14	8	109	51	21	14	36	-42	-24	-18	-51	-34	-5	-62	-19	-31	-22	-8	-19	-4	-28	-9	-27
525966019601	0	3	2	19	2	3	19	10	11	0	3	11	10	3	0	1	0	0	0	0	0	-1	-9	-2	-4	0	0	-2	-2	0	0	0
525988304535	0	0	0	4	0	0	2	0	1	0	0	0	0	0	0	0	0	0	0	0	0	0	0	0	0	0	0	0	0	0	0	0
526012357468	0	0	0	0	0	0	0	0	0	0	0	0	0	0	0	0	0	0	0	0	0	0	0	0	0	0	0	0	0	0	0	0
526019105204	4	12	8	35	10	0	23	15	7	0	3	3	24	3	0	5	-1	-1	-2	-3	-3	0	-9	-1	-4	-1	0	-1	-1	-5	-2	-4
526062772360	0	0	0	0	0	0	0	0	0	0	0	0	0	0	0	0	0	0	0	0	0	0	0	-1	0	0	0	0	0	0	0	0
526121497685	0	1	2	2	0	0	7	2	0	0	0	2	1	0	0	0	0	0	0	-1	0	0	-2	0	0	0	0	0	0	0	0	0
526135239072	0	0	0	0	1	0	0	0	0	0	0	0	0	0	0	0	0	0	0	0	0	0	-1	0	0	0	0	0	-1	0	0	0
526138303451	2	17	5	14	4	1	28	5	15	0	1	29	9	1	0	1	-2	-4	-2	-2	0	-1	-11	-2	-7	0	0	-3	-1	0	-1	-1
526180378249	3	1	0	1	0	0	0	2	1	0	0	0	0	0	0	0	0	0	-2	0	0	0	0	0	0	0	0	-1	0	0	0	0
526183826869	0	0	0	0	0	0	0	1	1	0	0	0	0	0	0	2	-1	0	0	0	0	0	0	0	0	0	0	0	0	0	0	0
526194128828	0	0	2	1	0	0	1	2	1	0	0	2	2	0	0	0	0	0	0	0	0	-1	-1	0	-1	0	0	0	0	0	0	-1
526204850003	1	0	1	1	0	0	2	0	1	0	0	2	1	0	0	0	0	0	-1	0	0	0	0	0	0	0	0	0	0	-1	-3	0
526254833208	0	0	0	0	0	0	0	0	0	0	0	0	0	0	0	0	0	0	0	0	0	0	0	0	0	0	0	0	0	0	0	0
526271700134	0	0	0	0	0	0	0	0	0	0	0	0	0	0	0	0	0	0	0	0	0	0	0	0	0	0	0	0	0	0	0	0
526306975494	2	4	5	3	2	0	11	1	5	0	1	3	3	1	1	2	-2	0	-2	-1	0	0	-4	0	-2	0	0	0	0	0	0	-2
526395163386	0	0	0	1	0	0	3	0	0	0	0	0	0	0	0	0	0	0	0	0	0	0	0	0	0	0	0	0	0	0	0	0
526419872184	0	0	0	0	0	0	1	0	0	0	0	0	0	0	0	0	0	0	-2	0	-1	0	0	0	0	0	-1	0	0	0	0	0
526422696874	0	0	0	2	0	0	1	0	1	0	0	2	1	0	0	0	0	0	0	-2	0	0	-1	0	-3	0	0	-1	-1	0	0	0
526429386863	0	5	1	7	3	1	7	3	1	0	4	6	3	1	0	0	-2	-1	0	0	0	0	-1	0	0	0	0	-1	0	0	0	0
526438374811	2	6	4	32	3	1	33	6	3	0	3	10	10	1	0	0	0	-2	0	-1	-3	-1	-3	0	0	0	0	-1	0	0	-1	0
526444441694	0	1	0	5	1	0	4	0	2	0	1	0	0	0	0	0	0	0	-1	-1	0	0	-2	0	-1	0	0	-1	-1	0	0	-2
526445617306	0	0	0	1	0	0	0	0	0	0	0	0	0	0	0	0	0	0	0	0	0	0	0	0	0	0	0	0	0	0	0	0
526450015099	0	0	0	0	0	0	0	0	1	0	0	0	0	0	0	0	0	0	0	0	0	0	0	0	0	0	0	0	0	0	0	0
526450075661	0	0	0	0	0	0	0	0	0	0	0	0	0	0	0	0	0	0	0	0	0	0	0	0	0	0	0	0	0	0	0	0
526477496458	39	81	64	215	165	6	195	134	59	8	9	219	49	15	12	31	-35	-15	-36	-22	-49	-1	-69	-11	-29	-6	-8	-36	-9	-13	-17	-13
526478555686	0	0	1	0	0	0	0	0	0	0	0	0	1	0	0	0	-1	0	0	0	0	0	0	0	0	0	-1	0	0	0	0	-1
526479923916	5	17	24	57	14	0	57	22	21	0	5	35	26	10	6	6	-3	-5	-9	-13	-9	-2	-22	-6	-9	-4	-2	-1	-7	-8	-4	-7
526486666848	0	0	0	0	0	0	0	0	0	0	0	0	0	0	0	0	0	0	0	0	0	0	0	0	0	0	0	0	0	0	0	0
526490422889	10	28	19	97	6	14	97	63	32	6	4	63	53	20	0	8	-3	-6	-20	-26	-5	-8	-103	-25	-23	-2	-13	-7	-20	-19	-4	-11
526530483216	0	0	0	0	0	0	0	0	0	0	0	0	0	0	0	0	0	0	0	0	0	0	0	0	0	0	0	-1	-1	0	0	0
526531031750	1	9	2	12	3	1	17	0	1	1	0	17	4	2	1	1	-2	0	-1	-3	0	0	-5	0	0	0	0	0	-2	-5	0	-1
526531583645	0	0	0	0	0	0	0	0	0	0	0	0	0	0	0	0	0	0	0	0	0	0	0	0	0	0	0	0	0	0	0	0
526575901848	2	5	5	9	5	2	16	4	8	0	0	21	3	1	2	1	-2	0	-2	-6	-4	0	-5	0	-5	-1	0	0	0	-2	-3	-3
526584642775	0	3	1	3	0	0	1	3	1	0	1	5	1	0	0	0	-1	0	0	0	0	0	-1	0	-2	-1	0	-1	0	0	0	0
526926670968	0	0	0	0	0	0	0	0	0	0	0	0	0	0	0	0	0	0	0	0	0	0	0	0	0	0	0	0	0	0	0	0
526927939994	10	20	21	38	8	5	51	15	21	1	6	56	22	3	2	5	-6	-3	-5	-8	-3	-1	-29	-2	-6	-1	-1	-5	-2	-6	-4	-3
526936175283	15	40	27	71	38	2	90	39	50	0	6	10	30	11	3	17	-7	-5	-11	-17	-9	-3	-36	-8	-16	0	-3	-5	-2	-14	-5	-8
526939882999	0	0	1	0	1	0	1	0	2	0	0	0	0	0	0	0	0	0	-1	-3	0	0	0	0	0	0	0	0	0	0	-1	-1
526952566721	0	1	0	1	0	0	0	0	0	0	1	2	0	0	0	1	0	0	0	0	0	0	0	0	0	0	0	0	0	0	0	0
526967042264	0	1	1	3	0	0	5	0	1	0	1	2	2	0	0	0	0	0	0	0	0	0	-1	0	0	0	0	0	0	0	0	0
526985045957	17	33	14	73	20	0	68	25	15	1	6	75	21	9	4	16	-15	-6	-8	-8	-10	0	-21	-6	-22	-1	0	-7	-2	-11	-2	-18
527007968762	22	65	84	150	46	29	179	63	104	4	33	164	87	21	9	6	-5	-10	-25	-14	-19	-10	-100	-10	-38	-4	-8	-23	-25	-39	-12	-8
527051065230	0	0	1	0	0	0	1	1	1	0	0	0	0	0	0	0	0	0	-1	0	0	0	-1	0	0	0	0	0	0	-2	0	0
527068854176	0	0	0	1	0	0	0	0	0	0	0	0	0	0	0	0	0	0	0	0	0	0	0	0	-1	0	0	0	0	0	0	0
527108315198	0	4	4	19	12	3	23	6	7	0	5	12	11	3	3	1	-1	-1	0	-2	-5	-2	-11	-1	-2	0	0	-1	0	-2	-2	-2
527115685640	0	2	1	4	3	2	2	3	1	0	1	2	3	1	0	3	0	0	0	0	0	0	-1	0	0	0	0	-1	-1	0	0	-1
527119275130	0	1	0	2	0	0	2	0	0	0	0	2	0	0	1	0	0	0	0	0	0	0	0	0	0	0	0	-1	0	0	0	0
527131033304	0	0	1	3	0	0	4	1	1	0	1	0	4	0	0	1	-1	0	0	0	0	-1	0	0	-1	0	0	-1	-1	0	0	0
527148200499	5	14	8	83	9	10	71	54	35	3	7	20	40	10	1	1	-2	-2	-7	-5	-4	-7	-42	-12	-9	-4	-2	-2	-14	-13	-3	-2
527152708643	19	21	24	43	17	1	51	35	22	2	3	49	16	2	3	17	-9	-5	-7	-9	-8	-1	-16	-10	-7	-4	-1	-6	-3	-8	-2	-6
527153056620	0	1	3	3	2	0	5	2	0	0	1	4	2	1	0	2	0	0	0	-1	-1	0	-1	-1	-1	0	0	0	0	0	0	-1
527157549926	0	0	0	0	0	0	1	1	0	0	0	1	0	0	0	0	0	0	0	0	0	0	0	0	0	0	0	0	0	0	0	0
527202678653	0	0	0	0	0	0	0	0	0	0	0	0	1	0	0	1	0	0	0	0	0	0	0	0	0	0	0	0	0	0	0	0
527219214976	0	0	0	2	0	0	1	0	2	0	0	1	0	0	0	0	0	0	0	0	0	0	0	0	0	0	0	0	0	0	0	0
527239145673	7	17	17	64	18	4	65	28	37	3	6	60	39	6	5	8	-5	-4	-14	-10	-12	-3	-19	-4	-22	-6	-2	-10	0	-9	-6	-9
527252584001	0	3	1	3	0	0	6	2	2	0	1	1	2	2	1	0	0	0	0	0	-1	0	-3	0	-1	0	0	0	0	-1	0	0
527253091711	0	0	0	0	0	0	0	0	0	0	0	0	0	0	0	0	0	0	0	0	0	0	0	0	0	0	0	0	0	0	0	0
527253352754	0	0	1	0	0	0	0	1	1	0	0	0	0	0	0	0	0	0	0	0	0	0	0	0	0	0	0	0	0	0	0	0
527263470641	0	0	1	1	0	0	0	0	1	1	0	0	0	0	0	0	0	0	0	0	0	0	0	0	0	0	0	0	0	0	0	0
527291118838	0	1	1	0	0	0	3	0	3	0	1	2	1	0	0	0	0	0	0	0	0	0	-3	0	-1	0	0	0	0	0	0	0
527333568751	0	0	1	2	0	0	0	0	2	0	0	0	0	0	0	1	0	0	0	0	0	0	0	0	0	0	0	0	0	0	0	0
527362021033	0	1	1	4	0	0	2	0	0	0	1	0	2	0	0	0	0	0	0	0	0	0	-2	0	-1	0	0	0	0	0	0	0
527369740768	1	0	0	1	1	0	1	0	0	0	0	0	0	0	0	0	0	0	-1	-1	0	0	0	0	0	0	0	0	0	0	0	0
527383815855	0	0	0	0	0	0	0	0	2	0	0	0	0	0	0	0	0	0	0	0	-1	0	0	0	0	0	0	0	0	0	0	0
527385870524	21	14	16	64	17	9	67	38	36	2	13	35	34	7	3	9	-4	-6	-4	-3	-12	-2	-7	-3	-12	-1	-4	-4	-6	-14	-3	-4
527402944568	0	0	0	0	0	0	0	0	0	0	0	0	0	0	0	0	0	0	0	0	0	0	0	0	0	0	0	0	0	0	0	0
527412060473	4	5	6	16	4	11	25	3	13	0	2	25	7	2	1	1	-5	-2	-6	-5	-2	-4	-8	-2	-2	-1	0	-6	-1	-1	-3	0
527432426082	2	2	1	6	3	2	17	8	8	0	1	9	10	6	0	1	0	-1	-3	-2	0	-3	-11	-1	0	0	0	0	-3	-5	0	0
527472834270	8	14	11	28	27	3	52	19	21	2	6	65	13	3	4	4	-12	-5	-7	-7	-16	-1	-15	-1	-6	-3	-1	-13	0	-3	-3	-6
527502064549	4	3	10	11	13	2	17	3	6	0	1	20	8	1	0	1	-2	-2	-3	-3	-3	0	-6	-1	-4	-1	0	-1	-2	0	-1	0
527593604441	0	0	0	0	0	0	0	0	0	0	0	0	0	0	0	1	0	0	0	0	0	0	0	0	0	0	0	0	0	0	0	0
527614082069	34	76	106	424	86	73	387	174	230	10	44	209	158	46	6	36	-22	-14	-35	-29	-31	-13	-108	-24	-52	-9	-14	-40	-13	-29	-7	-23
527701489899	0	0	0	1	3	0	2	2	1	0	0	1	5	0	0	0	0	0	0	0	0	0	0	0	0	0	0	0	0	0	0	0
527762113145	0	0	0	1	0	0	0	0	0	0	0	1	0	0	0	0	0	0	0	0	0	0	0	0	0	0	0	0	0	0	0	0
527790342659	1	6	4	14	1	2	11	3	10	2	6	8	5	5	2	8	0	-1	-1	-5	-1	-1	-5	-3	0	0	0	-1	-1	-6	-1	-5
527915996669	0	0	3	2	1	0	3	1	0	0	0	0	2	0	0	0	0	0	-2	0	0	0	-3	0	-2	0	0	0	0	-2	0	0
527926113880	0	0	0	0	0	0	0	0	0	0	0	0	0	0	0	0	0	0	0	0	0	0	0	0	0	0	0	0	0	0	0	0
527941875999	0	0	0	0	0	0	0	2	2	0	0	1	0	0	0	0	0	0	0	0	0	0	-2	0	0	0	0	0	0	0	0	0
527950249781	0	0	0	1	0	0	0	0	0	0	0	0	0	0	0	0	0	0	0	0	0	0	0	0	-1	0	0	0	0	0	0	0
527952843654	0	1	2	5	2	0	5	1	4	0	0	0	2	1	0	0	0	-1	0	-1	0	0	0	-2	-1	0	0	0	-1	0	0	0
527973145763	0	1	0	0	0	0	0	0	0	0	0	0	0	0	0	0	0	0	0	0	0	0	0	-1	0	0	0	0	0	0	0	0
527976438433	2	5	15	24	12	0	45	15	16	1	3	14	14	2	0	4	-4	-3	-12	-5	-11	-2	-13	-2	-7	-2	-1	-1	0	-9	-1	-1
527989357822	0	0	0	0	0	0	0	0	0	0	0	0	0	0	0	0	0	0	0	0	0	0	0	0	0	0	0	0	0	0	0	0
527997151115	2	4	3	6	1	4	8	3	6	0	1	8	4	0	0	1	0	0	-3	-2	0	0	-1	0	-3	0	0	-2	-2	-1	-1	-1
528046859681	3	2	2	5	1	1	7	1	2	0	1	0	3	0	1	0	-5	-1	-1	-1	-1	0	-5	-2	-1	0	0	0	0	-1	-2	-1
528092210408	0	0	0	1	0	0	1	0	0	0	0	1	0	0	0	0	0	0	0	0	0	0	0	0	0	0	0	0	0	0	0	0
528128392920	8	6	18	69	4	9	80	28	26	1	9	24	35	10	1	2	-4	-7	-2	-1	-4	-6	-35	-10	-7	-1	0	-2	-20	-14	0	-6
528130216799	0	0	0	0	0	0	0	0	0	0	0	0	0	0	0	0	0	0	0	0	0	0	0	0	0	0	0	0	0	0	0	0
528173099197	0	1	1	0	0	0	0	1	2	0	0	0	4	1	0	0	0	0	0	0	0	0	0	0	0	0	0	0	0	0	0	0
528177068167	0	1	2	4	0	0	6	0	3	0	0	4	1	0	0	0	0	0	0	0	0	0	0	0	0	0	0	-1	0	0	0	0
528220055142	1	2	1	8	0	2	11	2	5	0	6	0	1	1	1	3	0	0	0	0	0	0	-4	-1	0	-1	0	0	0	0	0	0
528229690555	1	5	8	28	7	3	35	9	15	2	6	18	18	1	2	8	-7	-2	0	-1	-5	-2	-25	-4	-5	0	-4	-4	-2	-3	-1	-4
528236890723	0	0	0	0	0	0	0	0	0	0	0	0	0	0	0	0	0	0	0	0	0	0	0	0	0	0	0	0	0	0	0	0
528248753744	0	0	0	1	0	0	1	0	0	0	0	0	1	0	0	0	0	0	0	0	0	0	0	0	0	0	0	0	0	0	0	0
528273079532	0	1	0	3	0	0	6	0	1	0	0	1	0	0	0	0	0	0	0	0	0	0	-1	0	0	-1	0	-1	0	0	0	0
528287214019	24	56	52	194	30	34	200	55	109	2	25	83	103	32	4	25	-7	-11	-18	-16	-13	-15	-84	-7	-29	-3	-11	-20	-13	-30	-5	-21
528311854268	0	1	0	0	1	0	0	0	0	0	0	0	0	0	0	0	0	0	-1	0	0	0	0	0	0	0	0	0	0	0	0	0
528312374340	0	1	0	0	0	0	0	0	0	0	0	0	0	0	0	0	0	0	0	0	0	-1	0	0	0	0	0	0	0	0	0	0
528333561124	0	0	0	0	0	0	0	0	0	0	0	0	0	0	0	0	0	0	0	0	0	0	0	0	0	0	0	0	0	0	0	0
528374054765	0	0	0	1	0	0	0	0	0	0	0	0	0	0	0	0	0	0	0	0	0	0	0	0	0	0	0	0	0	0	0	0
528377995344	0	0	1	1	0	0	0	0	0	0	0	0	0	0	0	0	0	0	0	0	0	0	0	0	0	0	0	0	0	0	0	0
528390995852	0	0	0	3	0	0	5	0	0	0	1	1	0	1	0	0	0	0	-2	-1	0	0	-2	-1	0	0	0	0	0	0	0	0
528397900215	0	0	0	1	0	0	0	0	0	0	0	0	0	0	0	0	0	0	0	0	0	0	0	0	0	0	0	0	0	0	0	0
528408260802	0	0	0	1	0	0	1	2	0	0	0	1	0	0	0	0	0	-1	-1	0	-1	0	0	0	0	0	0	0	0	0	0	0
528413500644	0	0	0	0	0	0	1	0	0	0	0	0	0	0	0	0	0	0	0	0	0	0	0	0	0	0	0	0	0	0	0	0
528423893423	0	0	0	0	0	0	0	0	0	0	0	0	0	0	0	0	0	0	0	0	0	0	0	0	0	0	0	0	0	0	0	0
528435501816	0	1	1	0	0	0	0	0	0	0	1	0	1	0	0	0	0	0	0	0	0	0	-1	0	0	0	0	-1	-1	0	0	0
528446692932	0	0	0	0	0	0	0	0	0	0	0	0	0	0	0	0	0	0	0	0	0	0	0	0	0	0	0	0	0	0	0	0
528460922899	0	0	0	1	0	0	0	0	0	0	1	0	0	0	0	0	0	0	0	0	0	0	0	0	0	0	0	0	0	0	0	0
528463418561	0	0	0	4	0	0	0	0	0	0	0	0	0	0	0	0	0	0	0	0	0	0	0	0	0	0	0	0	0	0	0	0
528484813634	0	2	0	1	0	0	0	0	0	0	0	0	0	0	0	0	0	0	0	0	0	0	0	0	0	0	0	0	0	0	0	0
528570146352	0	0	0	0	0	0	0	0	0	0	0	0	0	0	0	0	0	0	0	0	0	0	0	0	0	0	0	0	0	0	0	0
528608328563	0	0	0	0	0	0	0	0	0	0	0	0	0	0	0	0	0	0	0	0	0	0	0	0	-1	0	0	0	0	0	0	0
528634875191	0	3	1	1	1	0	1	1	0	0	1	2	4	0	0	1	0	0	0	0	0	0	-1	0	-1	0	-1	0	0	0	0	-1
528640171515	0	0	0	0	0	0	0	0	1	0	0	0	0	0	0	0	0	0	-1	0	0	0	-1	0	-1	-1	0	0	0	0	0	-1
528667332858	0	0	0	0	1	0	1	0	2	0	0	0	0	0	0	0	0	0	0	0	-1	0	0	0	-1	0	0	0	0	0	0	0
528680023861	0	0	0	0	0	0	0	0	0	0	0	0	0	0	0	0	0	0	0	0	0	0	0	0	0	0	0	0	0	0	0	0
528687906740	0	0	0	1	0	0	1	0	0	0	0	1	0	0	0	0	0	0	0	0	0	0	0	0	0	0	0	0	0	-1	0	0
528690071585	5	10	9	15	15	0	31	13	14	2	2	15	4	2	2	3	-5	-4	-6	-2	-2	-1	-11	-2	-6	-3	0	-2	0	-6	-2	-10
528696077570	0	0	0	0	0	0	2	0	1	0	0	0	0	0	0	0	0	0	0	0	0	0	0	0	0	0	0	0	0	0	0	0
528701659870	0	0	0	0	0	0	0	0	0	0	0	0	0	0	0	0	0	0	0	0	0	0	0	0	0	0	0	0	0	0	0	0
528719964685	25	52	39	145	35	22	205	78	142	6	25	134	94	32	8	23	-32	-15	-17	-46	-31	-10	-78	-24	-36	-14	-10	-15	-20	-25	-15	-36
528742427798	0	0	0	1	0	0	0	1	1	0	0	0	0	0	0	0	0	0	0	0	0	0	0	0	0	0	0	0	0	0	0	0
528746423501	0	0	0	0	0	0	0	0	0	0	0	0	0	0	0	0	0	0	0	0	0	0	0	0	0	0	0	0	0	0	0	0
528787526768	0	0	0	0	0	0	0	0	0	0	1	2	0	0	0	0	0	0	0	0	0	0	0	0	-1	0	0	0	0	0	0	0
528799927450	0	0	0	0	0	0	0	0	0	0	0	0	0	0	0	0	0	0	0	0	0	0	0	0	0	0	0	0	0	0	0	0
528817325811	1	4	4	13	9	5	24	2	14	0	4	3	8	1	0	5	0	0	-2	-1	-4	0	-6	-3	-2	0	0	0	-2	-6	-1	-2
528839546385	1	3	12	17	8	0	16	3	14	0	2	8	16	2	0	0	0	0	-1	-1	-1	0	-7	-6	-2	0	-1	-2	-1	-3	0	0
528841163246	0	1	0	3	1	0	1	0	0	0	0	0	0	0	0	0	0	0	-1	0	0	0	0	0	0	-1	-1	-1	0	0	0	0
528876096046	0	1	1	0	0	0	0	0	2	0	1	1	0	0	0	0	0	0	0	0	-2	-3	-1	-1	-1	0	0	0	0	-1	0	0
528904839251	0	0	2	0	0	0	0	0	0	0	1	0	0	0	0	0	0	0	0	0	0	0	0	0	0	0	0	0	0	0	0	0
528987068063	0	0	0	1	0	0	0	0	0	0	0	0	1	0	0	0	0	0	0	0	0	0	0	0	0	0	0	0	0	0	0	0
528993146719	0	1	1	1	2	0	8	1	1	0	0	1	2	0	0	1	0	-1	0	0	0	0	0	-1	-1	-1	0	0	-1	-3	-2	-1
529070250062	0	0	0	0	0	0	0	0	0	0	0	0	0	0	0	0	0	0	0	0	0	0	0	0	0	0	0	0	0	0	0	0
529092055182	0	0	0	0	0	0	0	0	0	0	0	0	0	0	0	0	0	0	0	0	0	0	0	0	0	0	0	0	0	0	0	0
529095631921	0	0	0	1	0	0	0	0	0	0	0	0	0	0	0	0	0	0	0	0	0	0	0	0	0	0	0	0	0	0	0	0
529129021888	0	0	1	2	2	0	5	0	1	0	0	0	1	1	0	0	0	0	0	-1	0	0	0	0	0	0	0	0	0	-1	0	0
529138916478	0	0	0	0	0	0	0	0	0	0	0	2	0	0	0	0	0	0	0	0	0	0	-1	0	0	0	-1	0	0	0	0	0
529155386841	0	0	0	0	2	0	0	0	0	0	0	0	0	0	0	0	0	0	0	0	0	0	0	0	0	0	0	0	0	0	0	0
529166056099	0	0	0	0	0	2	1	0	0	1	0	0	0	0	0	0	0	0	0	0	-1	0	-1	0	0	0	0	0	0	-1	0	-1
529184933306	0	0	0	1	0	0	0	0	1	0	0	0	1	0	0	0	0	0	0	0	0	0	0	0	0	0	0	0	0	0	0	0
529274287439	1	6	7	39	1	3	19	8	10	0	3	4	15	1	0	2	-2	-1	-1	-1	0	-1	-14	-2	-5	-3	0	-2	-3	-3	0	0
529305923346	0	0	0	0	0	0	0	0	0	0	0	0	0	0	0	0	0	0	0	-1	0	0	0	0	0	0	0	0	0	0	0	0
529337002224	9	16	6	28	11	2	36	12	17	0	7	23	14	2	4	5	-5	0	-3	-3	-4	-1	-12	-3	-7	-2	0	-2	0	0	-5	-4
529345601621	0	2	2	4	0	0	4	0	3	0	0	0	0	0	0	0	0	0	0	0	0	0	0	-1	-1	0	0	-2	0	0	0	0
529385351178	0	0	0	0	0	0	0	0	0	0	0	0	0	0	0	0	0	0	0	0	0	0	0	0	0	0	0	0	-1	0	0	0
529393886749	0	1	0	0	0	0	0	0	0	0	0	0	0	1	0	0	0	0	0	0	0	0	0	0	0	0	0	0	0	0	0	0
529399070946	0	2	8	12	0	0	13	1	11	0	2	2	2	1	0	0	-1	0	-1	0	0	0	-2	0	-1	0	0	0	0	0	0	0
529402299662	0	0	0	0	0	0	1	0	0	0	0	1	0	0	0	0	0	0	0	0	0	0	0	0	0	0	0	0	0	0	0	0
529409354899	6	9	0	10	17	3	15	9	5	0	0	19	5	0	1	6	0	-1	-1	-2	-8	-1	-6	-2	-1	0	0	-3	-1	-5	0	-3
529420558774	0	0	0	1	0	0	0	1	0	0	0	0	0	0	1	0	-1	0	0	0	0	0	0	-1	0	0	0	0	0	0	0	0
529437422397	1	0	0	1	0	0	0	0	2	1	1	2	3	0	0	0	0	0	0	0	0	0	-1	0	0	0	0	0	-1	-1	0	0
529461717519	0	0	0	0	0	0	0	0	1	0	0	0	0	0	0	0	0	0	0	0	0	0	0	0	0	0	0	0	-1	0	0	0
529467221775	0	0	0	0	0	0	1	0	0	1	0	0	0	0	0	0	0	0	0	0	0	0	0	0	0	0	0	0	0	0	0	0
529496560596	0	0	0	2	0	0	1	0	1	0	0	1	1	0	0	0	0	0	0	0	0	0	-1	0	0	0	0	0	0	0	0	0
529518139258	57	141	81	178	59	7	215	149	66	7	13	82	60	22	9	40	-44	-28	-36	-50	-36	-6	-86	-38	-29	-16	-7	-14	-11	-39	-12	-45
529527269760	7	18	20	36	5	2	48	9	6	10	4	32	46	12	4	9	-12	-2	-8	-8	-5	-6	-32	-24	-20	-6	-6	-5	-2	-21	-18	-14
529557898716	1	0	2	1	1	0	1	1	0	0	0	2	1	0	1	0	-1	0	0	0	0	0	0	-1	0	0	0	0	0	-2	-1	0
529558980063	1	3	6	11	1	2	11	16	5	0	1	3	7	0	1	1	-1	-1	-1	0	-3	0	-2	0	-2	0	0	0	0	-1	-2	0
529571326323	47	122	95	264	115	36	333	153	171	6	27	119	221	44	22	47	-28	-22	-28	-36	-50	-16	-129	-38	-50	-14	-15	-24	-20	-73	-26	-43
529668114174	8	8	20	60	24	3	56	37	22	1	6	27	23	7	6	4	-4	-9	-9	-11	-12	-4	-26	-7	-7	-3	-4	-3	-8	-15	-9	-8
529669126799	0	0	0	2	0	0	2	0	1	0	0	1	0	0	1	0	0	0	0	0	0	0	0	0	0	0	0	0	0	0	0	0
529670850105	0	1	2	3	0	0	3	1	1	0	0	1	1	0	0	1	-1	0	0	0	0	0	-1	0	-3	0	0	0	0	0	0	0
529670906782	0	0	1	0	0	0	0	0	0	0	0	0	0	0	0	2	0	0	0	0	0	0	0	0	0	0	0	0	0	0	0	0
529687569313	0	0	0	0	0	0	0	0	0	0	0	0	0	0	0	1	0	0	0	0	0	0	0	0	0	0	0	0	0	0	0	0
529710828190	0	1	2	3	0	0	1	2	1	0	0	1	0	0	1	0	0	0	0	0	0	0	0	-1	-1	0	0	0	0	0	0	0
529714227659	1	6	2	18	1	0	20	2	5	0	7	11	7	0	0	1	-1	0	-1	0	-1	-1	-2	0	0	0	0	-1	-1	0	-1	0
529724599608	10	16	21	67	11	1	67	24	33	0	15	23	27	11	1	3	0	-3	-11	-6	-7	-1	-17	-3	-10	-1	-7	-5	-8	-3	-3	-8
529725739299	4	9	12	35	3	10	41	8	21	1	4	19	25	4	2	1	0	-1	-1	-3	0	-5	-20	-1	-6	-3	-5	-9	-10	-5	-3	-1
529727402987	116	137	101	268	127	15	343	150	228	8	23	206	96	57	18	46	-50	-31	-33	-67	-36	-9	-116	-37	-51	-10	-6	-24	-12	-43	-22	-24
529773558365	0	0	0	1	0	0	0	0	1	0	0	1	1	0	0	0	-1	0	-2	0	0	0	0	0	0	0	0	0	0	0	0	0
529804453460	0	1	1	6	0	1	8	1	5	0	0	3	5	1	0	2	0	0	0	0	0	0	-5	0	-3	0	-1	0	-2	-2	-2	0
529827120050	0	0	0	0	0	0	0	0	0	0	0	0	0	0	0	0	0	0	0	0	0	0	0	0	0	0	0	0	0	0	0	0
530180469377	0	0	1	3	1	1	2	2	2	0	0	2	2	1	0	0	0	-1	0	0	0	-1	0	0	0	-1	0	0	0	-1	0	-1
530203480883	0	1	2	4	0	0	2	4	2	0	1	0	1	1	0	0	0	0	0	-1	0	0	-1	0	-1	0	0	0	0	0	0	0
530216757962	0	0	1	0	0	0	0	0	0	0	0	0	0	0	0	0	0	0	0	0	0	0	0	0	-1	0	0	0	0	0	0	0
530217187908	0	3	4	11	6	1	11	0	3	1	3	10	11	1	0	2	-2	0	-3	-2	-1	0	-5	-1	-6	-1	0	0	0	-1	0	-1
530229498918	0	0	0	0	0	0	0	0	0	0	0	0	0	0	0	0	0	0	-1	0	0	0	0	0	0	0	0	0	0	0	0	0
530232397703	0	0	0	0	0	0	0	0	0	0	0	0	0	0	0	0	0	0	0	0	0	0	0	0	0	0	0	0	0	0	0	0
530283205049	3	3	1	7	3	0	9	1	2	0	0	12	6	0	1	1	-5	0	-1	-4	-1	-1	-1	-1	-2	0	0	-3	0	-1	0	0
530298825314	2	8	4	18	8	3	19	12	11	0	2	2	5	2	1	6	-2	-1	0	0	0	0	-3	-1	-3	0	-2	0	-2	-2	-1	-3
530390353464	0	2	1	2	0	0	1	0	1	0	0	1	2	0	0	0	0	0	-1	-1	0	0	0	0	-2	0	0	-1	0	-1	0	0
530421219913	0	0	0	0	0	0	0	0	0	0	0	0	0	0	0	0	0	0	0	0	0	0	0	0	0	0	0	0	0	0	0	0
530429127898	0	0	1	2	0	0	3	0	1	0	0	1	0	0	0	0	0	0	-1	0	0	0	-1	0	0	0	0	0	0	0	0	0
530435713636	1	4	3	7	6	0	10	1	3	0	0	2	2	0	0	2	-2	-1	-2	-1	-1	0	-3	0	0	0	-1	0	0	-2	0	-1
530472700867	40	53	41	151	56	9	183	67	57	4	20	68	61	29	11	36	-27	-18	-32	-28	-33	-13	-128	-31	-36	-12	-11	-14	-35	-74	-21	-30
530524531743	0	3	1	8	2	0	3	0	4	0	2	0	4	1	1	0	0	0	-2	-1	0	0	-2	0	-1	-1	0	0	0	-3	0	0
530525068174	0	0	0	0	0	0	0	0	0	0	0	0	0	0	0	0	0	0	0	0	0	0	0	0	0	0	0	0	0	0	0	0
530531000021	1	0	0	0	0	0	1	0	0	0	0	0	0	0	0	1	0	0	0	0	0	0	-1	0	0	0	0	0	0	-1	0	0
530536059150	0	0	0	0	0	0	0	0	0	0	0	0	0	0	0	0	0	0	0	0	0	0	0	0	0	0	0	0	0	0	0	0
530568724283	0	0	1	2	1	0	2	0	0	0	1	1	1	0	0	0	0	0	0	-2	0	0	-4	0	0	0	0	0	0	0	0	0
530571676149	12	26	24	101	21	22	124	38	47	8	18	115	44	27	1	4	-14	-7	-12	-30	-11	-7	-70	-7	-23	-9	-13	-21	-31	-42	-6	-18
530626247102	0	0	0	0	0	0	1	0	0	0	0	0	0	0	0	0	0	0	0	0	0	0	0	0	0	0	0	0	0	0	0	0
530626624142	0	0	0	0	0	0	0	0	0	0	0	0	0	0	0	0	0	0	0	0	0	0	0	0	0	0	0	0	0	-1	0	0
530652429866	0	1	0	0	0	0	0	0	0	0	0	0	0	0	0	0	0	0	0	-1	0	0	0	0	-1	0	0	0	0	0	0	0
530669387104	0	0	2	0	0	0	4	0	2	0	0	0	0	0	0	0	0	0	0	0	0	0	0	0	0	0	0	0	0	0	0	0
530671131356	0	0	3	19	1	0	3	0	4	1	0	0	2	1	0	1	0	-1	0	0	0	0	-2	0	0	0	0	0	0	0	0	-2
530717191810	0	3	4	13	1	3	5	0	8	0	7	4	5	0	1	0	0	0	-1	-1	0	-1	-4	0	-4	-1	0	-1	0	-1	-1	0
530768955023	0	0	2	1	0	0	2	0	0	0	0	0	0	0	0	3	0	0	0	0	-2	0	0	0	0	0	0	0	0	0	0	-1
530772591324	0	0	0	0	0	0	0	0	0	0	0	0	0	0	0	0	0	0	0	0	0	0	0	0	0	0	0	0	0	0	0	0
530779052050	0	0	0	0	0	0	0	0	0	0	0	0	0	0	0	0	0	0	0	0	0	0	0	0	0	0	0	0	0	0	0	0
530785002027	0	1	3	4	0	0	10	0	3	1	3	4	2	0	0	2	0	0	-1	0	-1	0	-1	0	-2	0	0	-1	-1	-2	0	0
530841210837	0	0	1	2	0	0	0	0	1	0	0	4	2	0	0	0	0	0	0	0	0	0	0	0	0	0	0	0	0	0	0	0
530856725592	0	1	0	1	0	0	1	0	0	0	0	0	0	0	0	0	0	0	0	0	0	0	0	0	0	0	0	0	0	0	0	0
530869088917	1	0	0	2	0	0	3	1	1	0	0	5	2	0	0	0	0	0	0	0	0	-1	-1	-1	-2	0	0	0	0	0	0	-1
530887930391	0	0	0	0	0	0	0	0	0	0	0	0	0	0	0	0	0	0	0	0	0	0	0	0	0	0	0	0	0	0	0	0
530890035319	0	0	1	0	0	0	0	0	0	0	0	0	0	0	0	0	0	0	0	0	0	0	0	0	0	0	0	0	0	0	0	0
530910691606	0	0	4	5	1	0	5	3	5	0	0	4	0	0	0	1	0	0	0	-2	0	-1	-1	-1	0	0	-1	0	-1	-1	-1	0
530936732092	0	0	0	0	0	0	0	0	2	0	0	1	2	0	0	0	0	0	0	0	0	0	0	0	0	0	0	0	0	0	0	0
530953984019	0	0	0	0	0	0	0	0	0	0	0	0	0	0	0	0	0	0	0	-1	0	0	0	0	0	0	0	0	0	0	0	0
531024578709	0	0	0	0	0	0	0	0	0	0	0	0	0	0	0	0	0	0	0	0	0	0	-1	0	0	0	0	0	0	0	0	0
531033618229	0	0	0	0	0	0	0	0	0	0	0	0	0	0	0	0	0	0	0	0	0	0	0	0	0	0	0	0	0	0	0	0
531042440448	0	0	0	0	0	0	0	0	0	0	0	0	0	0	0	0	0	0	0	0	0	0	0	0	0	0	0	0	0	0	0	0
531055560827	1	5	1	1	2	0	1	0	3	1	0	3	0	0	0	0	0	0	0	-1	-1	0	-3	0	0	0	0	-1	0	0	0	0
531056607430	0	1	0	2	0	0	0	1	0	0	0	0	0	0	0	0	0	0	0	0	0	0	0	0	0	0	0	0	0	0	0	0
531122586589	97	150	88	254	169	6	227	111	58	2	12	249	59	23	13	52	-114	-22	-39	-35	-75	-7	-80	-22	-36	-7	-11	-49	-7	-13	-22	-20
531170255077	4	5	32	56	3	4	43	17	13	0	23	51	10	1	0	0	-4	0	-17	-6	-2	-1	-6	-3	-6	-3	-9	-6	-1	-4	-1	0
531181678880	1	3	4	12	1	1	6	1	4	0	0	0	14	0	1	1	-2	-1	0	-2	-1	-1	-2	-1	-2	0	0	0	-2	-3	0	-1
531184087709	0	0	0	1	0	0	0	0	0	0	0	0	0	0	0	0	0	0	0	0	0	0	0	0	-2	0	0	-1	0	0	0	0
531232838813	0	0	1	0	0	0	1	0	0	0	0	0	0	0	0	0	0	0	0	0	0	0	0	0	0	0	0	0	0	0	0	0
531235094684	0	0	0	0	0	0	0	0	1	0	0	1	1	0	0	0	0	0	0	0	0	0	0	0	0	0	0	0	0	0	0	0
531239658300	0	0	0	0	0	0	3	1	0	0	0	2	0	0	0	0	0	0	0	-1	0	0	0	0	0	0	0	0	0	0	0	0
531240913902	0	0	0	1	0	0	2	0	0	0	0	0	0	0	0	0	0	0	0	0	0	0	0	0	0	0	0	0	0	0	0	0
531265362727	0	0	1	2	0	0	0	0	1	0	0	0	0	1	0	0	0	0	0	0	0	0	0	0	0	0	0	0	0	0	0	0
531268070948	0	0	0	0	0	0	0	0	0	0	0	0	0	0	0	0	0	0	0	0	0	0	0	0	0	0	0	0	0	0	0	0
531279750299	0	0	0	0	0	0	1	0	0	0	0	1	0	0	0	0	0	0	0	0	0	-1	0	0	0	0	0	0	0	0	0	0
531280923744	0	0	0	0	0	0	0	0	0	0	0	0	0	0	0	0	0	0	-1	0	0	0	0	0	0	0	0	0	0	0	0	0
531283636009	0	2	1	3	0	0	8	0	4	0	1	4	1	1	0	0	0	0	0	-4	0	0	-7	0	-3	0	-2	0	-1	-1	0	-1
531289444779	0	3	1	3	0	0	6	1	3	0	1	1	4	0	0	0	0	0	-1	0	-1	0	-4	0	-2	0	0	0	-1	0	0	0
531292877477	0	0	0	0	0	0	0	0	3	0	1	0	0	0	0	0	0	0	0	0	0	0	0	0	-1	0	0	0	0	0	0	-1
531311720858	0	0	0	0	0	0	0	0	0	0	0	0	0	0	0	0	0	0	0	0	0	0	0	0	0	0	0	0	0	0	0	0
531315352831	0	0	0	0	0	0	1	0	0	0	0	0	0	0	0	0	0	-1	0	-1	0	0	-1	-1	0	0	0	0	0	-1	0	0
531330480501	0	0	0	1	0	0	1	0	0	0	0	0	0	0	0	0	0	0	0	0	0	0	-1	0	0	0	0	0	0	0	0	0
531337560627	1	0	0	7	3	0	3	0	0	0	1	2	6	0	0	0	0	0	0	0	-1	0	-1	0	-1	0	0	0	0	0	0	0
531493843214	0	0	0	0	0	0	1	0	0	0	0	0	0	0	0	0	0	0	-1	0	0	0	0	0	0	-1	0	-1	0	0	0	0
531494795898	1	0	0	2	2	0	3	1	1	0	0	1	1	0	0	0	0	0	-1	0	-1	0	0	0	-1	-1	0	0	0	0	0	0
531503233032	3	7	15	55	9	4	37	43	21	0	4	22	26	6	1	3	-4	-1	-10	-5	-2	-2	-29	-5	-10	-1	-2	-5	-18	-11	-1	-2
531514042037	0	5	5	8	1	1	11	1	2	0	2	13	3	1	0	0	0	-1	-1	-3	0	-1	-6	-1	-2	0	-1	-1	0	-5	0	0
531534722425	0	0	0	0	0	0	0	0	0	0	0	0	0	0	0	0	0	0	0	0	0	0	0	0	0	0	0	0	0	0	0	0
531540868756	0	0	0	0	0	0	0	0	0	0	0	0	0	0	0	0	0	0	0	0	0	0	0	0	0	0	0	0	0	-1	0	0
531545338369	0	0	0	0	0	0	0	0	0	0	0	0	0	0	0	0	0	0	0	0	0	0	0	0	0	0	0	0	0	0	0	0
531548906318	0	0	0	0	0	0	0	0	0	0	0	1	0	0	0	0	0	0	0	0	0	0	0	0	0	0	0	0	0	0	0	0
531561372035	0	0	0	0	0	0	0	1	0	0	0	0	0	0	0	0	0	0	0	0	0	0	-1	0	0	0	0	0	0	0	0	0
531567086256	0	0	0	3	0	0	2	1	0	0	0	0	2	0	0	0	0	0	0	0	0	0	-1	0	0	0	0	0	0	0	0	-1
531589375119	0	0	0	1	0	0	1	0	0	0	0	0	0	0	0	0	0	0	0	-2	0	0	0	0	0	0	0	0	0	0	-1	0
531601172952	0	0	0	0	0	0	1	0	0	0	0	0	0	0	0	0	0	0	0	0	0	0	0	0	0	0	0	0	0	0	0	0
531603714265	6	8	9	15	4	0	27	4	24	0	1	7	2	3	1	1	-4	-1	-2	-2	-1	0	-6	-3	-9	0	-1	0	-3	-4	0	-1
531617246209	6	4	6	30	8	3	31	4	12	0	2	24	18	2	2	4	-3	-5	-1	0	0	-1	-10	-1	-13	-1	-1	-4	-3	-6	0	-1
531650166568	0	0	0	0	0	0	0	0	0	0	0	0	0	0	0	0	0	0	0	0	0	0	0	0	0	0	0	0	0	0	0	0
531652636246	1	5	6	34	9	3	25	14	7	0	6	9	15	1	1	3	0	0	0	-5	-2	0	-3	-4	-2	0	-1	0	-2	-1	0	-3
531664658548	0	0	0	1	0	0	2	0	0	0	0	0	0	0	0	0	0	0	0	0	0	0	0	0	0	0	0	0	0	0	0	0
531684189770	0	0	0	0	0	0	0	0	1	0	0	0	0	0	0	0	0	0	0	0	0	0	0	0	0	0	0	0	0	0	0	0
531691117728	8	8	11	42	4	3	36	43	27	1	10	18	21	3	1	3	-1	-1	-9	-6	-2	-3	-23	-7	-14	-4	-2	-4	-12	-13	-3	-3
531699656220	1	1	1	0	0	0	2	2	0	0	0	2	0	1	0	3	0	0	0	-1	-1	0	-1	0	-1	0	0	0	0	0	0	-1
531745743762	0	0	0	0	0	0	0	0	1	0	0	0	0	0	0	0	0	0	0	0	0	0	0	0	0	0	0	0	0	0	0	0
531746595052	0	0	0	0	0	0	0	1	0	0	0	0	0	0	0	2	0	0	0	0	0	0	0	0	0	0	0	0	0	0	0	0
531769553756	0	0	0	0	0	0	0	0	0	0	0	1	0	0	0	0	0	0	0	-1	0	0	0	0	0	0	0	0	0	0	0	0
531810247253	0	0	0	0	0	0	0	0	0	0	0	0	0	0	0	0	0	0	0	0	0	0	0	0	0	0	0	0	0	0	0	0
531829579464	6	22	24	79	18	7	79	62	22	1	6	48	64	12	6	17	-7	-6	-10	-17	-17	-2	-41	-16	-30	-3	-5	-7	-9	-20	-7	-15
531850689276	4	6	3	10	3	0	16	7	8	0	1	5	7	1	1	3	-3	-2	-1	-1	-3	-1	-6	0	-1	0	0	0	0	-2	0	-2
531854888691	0	0	0	0	0	0	0	0	0	0	0	0	0	0	0	0	0	0	0	0	0	0	-1	0	0	0	0	0	0	0	0	0
531868202671	0	1	0	0	0	0	0	0	0	0	0	0	0	0	0	0	0	0	0	0	0	0	0	0	0	0	0	0	0	0	0	0
531868510700	0	1	2	1	0	0	0	0	0	0	0	0	0	0	0	0	0	0	0	0	0	0	0	0	0	0	0	0	0	0	0	0
531869332617	0	3	4	5	1	2	6	0	2	0	1	4	1	0	0	0	-1	0	0	-1	0	0	-2	0	-1	0	-1	0	0	-2	0	0
531884755650	0	1	1	4	5	1	5	1	1	1	0	7	2	0	0	0	0	-1	0	0	0	-1	0	0	-1	0	0	0	0	0	0	-2
531889853751	0	0	0	0	0	0	0	0	0	0	0	1	0	0	0	0	0	0	0	0	0	0	0	0	-3	0	0	0	0	0	0	0
531890018119	2	14	12	23	4	3	38	5	26	0	8	33	19	6	0	0	-2	-2	-9	-12	-6	-3	-13	-6	-5	-2	-2	-4	-6	-12	-4	-6
531932763879	10	35	43	64	24	1	75	49	54	0	7	44	26	11	4	19	-8	-2	-11	-22	-7	-1	-24	-13	-11	-4	-4	-2	-3	-7	-3	-4
531932898102	0	0	0	0	0	0	0	0	0	0	0	0	0	0	0	0	0	0	0	0	0	0	0	0	0	0	0	0	0	0	0	0
531934816201	0	0	0	0	0	0	0	0	0	0	0	0	0	0	0	0	0	-1	0	0	0	0	0	0	0	0	0	0	0	0	0	0
531940665680	0	0	0	0	0	0	0	0	0	0	0	0	0	0	0	0	0	0	0	0	0	0	0	0	0	0	0	0	0	0	0	0
531967631884	0	0	0	0	0	0	1	0	0	0	0	0	0	0	0	0	0	0	0	0	0	0	0	0	0	0	0	0	0	0	0	0
531970354942	0	0	1	0	0	0	0	0	1	0	0	1	0	0	1	0	0	0	0	0	0	0	0	0	0	0	0	0	0	0	0	0
531974483620	10	10	28	34	7	1	51	10	27	1	4	7	5	6	2	12	-5	-3	-11	-4	-6	-3	-19	-2	-21	-2	-1	-4	-3	-7	-2	-5
532014265871	0	0	0	1	0	0	0	0	0	0	0	0	0	0	0	0	0	0	0	0	0	0	0	0	0	0	0	0	0	0	0	0
532039604430	0	0	0	0	0	0	0	0	0	0	0	0	0	0	0	0	0	0	0	0	0	0	0	0	0	0	0	0	0	0	0	0
532066741914	0	0	0	4	0	1	4	3	2	0	0	1	1	0	0	1	0	0	0	-1	0	0	0	0	-2	0	0	0	0	0	0	0
532122369772	0	0	0	0	0	0	1	0	0	0	0	1	0	0	0	0	0	-1	-1	0	0	-1	0	0	-1	0	0	0	0	0	0	0
532172349620	15	11	18	17	3	9	39	11	34	1	12	16	27	11	5	20	-7	-1	-8	-4	-1	-3	-15	-5	-12	0	-4	-3	-2	-16	-6	-15
532173488162	0	0	0	0	0	0	0	0	1	0	1	0	0	0	0	0	0	0	0	-1	0	0	0	0	0	0	0	0	0	0	0	0
532193577347	0	2	3	6	1	0	6	1	6	0	1	7	2	1	0	0	0	0	0	-1	-1	0	-2	0	-1	-1	0	-1	-3	-1	-1	-2
532492363109	0	2	0	1	1	0	1	1	1	0	0	1	0	0	0	0	-1	0	0	0	0	0	0	0	0	0	0	0	0	0	0	-1
532500487570	1	1	0	1	1	3	4	3	0	0	0	0	1	0	0	0	0	0	0	-1	0	0	-1	0	-1	0	0	0	-1	0	-1	-1
532546075976	2	7	4	3	3	1	7	1	8	2	1	2	2	1	0	1	-2	-2	-2	-2	-4	0	-3	0	-1	0	0	0	0	0	0	-1
532549562005	8	14	15	15	10	0	29	17	11	3	3	21	2	1	1	4	-9	-4	-3	-7	-5	0	-9	-2	-2	-3	0	-5	-1	-3	-2	-4
532555819096	0	0	0	1	0	0	1	0	1	0	0	1	0	1	0	0	0	0	0	-1	0	0	0	0	0	0	0	0	0	-1	0	0
532599236913	0	1	0	2	0	0	0	1	0	0	0	0	0	0	0	1	0	0	0	0	0	0	-2	0	0	0	0	0	0	-1	0	0
532602968878	0	0	1	0	0	0	0	1	0	0	0	0	0	0	0	1	0	0	0	0	0	0	0	0	0	0	0	0	-1	0	0	0
532615042645	0	1	0	0	0	0	1	0	1	0	0	0	2	1	0	1	0	0	0	-1	0	0	-1	0	-1	0	0	0	0	-1	0	0
532629468062	0	0	0	2	0	0	0	0	0	0	0	0	0	0	0	0	0	0	0	0	0	0	0	0	0	0	0	0	0	0	0	0
532644846106	0	0	0	0	0	0	0	0	0	0	0	0	0	0	0	0	0	0	0	0	0	0	0	0	0	0	0	0	0	0	0	0
532667429600	0	0	0	1	0	0	1	0	0	0	0	0	0	0	0	0	0	0	0	0	0	0	0	0	0	0	0	0	0	0	0	0
532668566833	0	3	3	5	0	0	4	0	9	0	0	3	2	0	0	2	0	-1	-2	-1	0	0	-3	0	-3	0	-1	-1	0	0	-1	-1
532670122648	0	0	0	0	0	0	0	0	0	0	0	0	0	0	0	0	0	0	0	0	0	0	0	0	0	0	0	0	0	0	0	0
532670373286	0	8	6	4	5	0	8	1	2	0	2	7	6	0	0	3	0	0	0	-1	-1	0	-4	-1	0	0	0	0	0	-1	0	0
532688641550	0	0	2	0	0	0	0	0	0	0	2	0	0	0	0	0	0	0	-1	0	-1	0	-1	0	-1	0	0	0	0	0	0	0
532692310231	1	0	1	0	2	0	5	3	4	0	0	0	0	0	0	1	0	0	-1	0	0	0	0	-1	-3	0	0	0	0	-1	0	0
532712148256	1	0	0	2	0	0	0	0	1	0	0	0	0	1	0	0	-1	-1	0	0	0	0	0	0	0	0	0	0	0	0	0	0
532714220934	0	0	0	0	0	0	1	0	0	0	0	0	0	0	0	0	0	0	0	0	0	0	0	0	0	0	0	0	0	0	0	0
532764564406	1	0	5	7	0	1	7	1	2	2	0	2	0	2	0	0	0	-1	-1	0	-1	0	-4	-1	-2	0	-1	0	0	-1	0	0
532774812328	0	0	0	0	0	0	1	0	0	0	0	0	0	0	0	0	0	0	0	0	0	0	0	0	0	0	0	0	0	0	0	0
532792531220	0	0	0	0	0	0	0	0	0	0	0	0	0	0	0	0	0	0	0	0	0	0	0	0	0	0	0	0	0	0	0	0
532793243130	1	2	1	0	0	0	2	2	0	1	1	2	2	0	0	3	0	0	-1	0	0	0	-2	0	0	0	-1	0	0	-2	-3	-1
532796427355	1	0	0	10	2	5	11	9	6	0	0	3	4	3	0	0	0	0	-1	0	0	-2	-6	-2	0	0	0	0	0	0	0	0
532857838088	1	0	1	1	2	0	3	0	0	2	1	2	4	0	0	1	0	0	-1	0	0	0	-1	-1	0	0	0	-1	0	-1	0	0
532860083355	4	8	13	24	7	1	28	8	10	4	3	15	5	9	0	2	-8	-1	0	-3	-4	-1	-10	-5	-8	0	-1	-4	-2	-18	-1	-2
532893601017	1	3	3	4	1	0	7	1	3	0	0	2	2	0	1	0	0	-2	-1	-1	-1	0	-1	0	0	0	0	0	0	-1	0	-1
532917542044	41	76	57	153	78	5	227	203	164	2	19	79	66	25	13	29	-41	-19	-46	-65	-38	-10	-72	-20	-41	-5	-5	-12	-9	-33	-21	-26
532939131508	0	0	0	0	0	0	0	0	0	0	0	0	0	0	0	0	0	0	0	0	0	0	0	0	0	0	0	0	0	0	0	0
532952936160	0	0	0	0	1	0	0	1	0	0	0	1	0	0	0	0	0	0	0	-1	0	0	0	0	0	0	0	0	0	0	0	0
532962120145	1	1	0	0	1	0	0	1	2	0	0	0	0	0	0	1	0	0	-1	0	0	0	-1	0	0	0	0	0	0	0	-2	0
532966924024	0	0	0	0	0	0	1	0	0	0	0	0	0	0	0	0	0	0	0	0	0	0	0	0	0	0	0	0	0	0	0	0
532972348534	0	0	0	1	0	0	0	0	0	0	0	0	0	0	0	0	0	0	0	0	0	0	0	0	0	0	0	0	0	0	0	0
532976208445	12	8	1	12	4	0	16	3	5	0	3	12	4	2	0	4	-3	-5	-3	-1	-4	0	-3	0	-4	0	-1	-2	-1	-2	-1	-4
532980927750	0	0	0	0	0	0	0	0	0	0	0	0	0	0	0	0	0	0	0	0	0	0	0	0	0	0	0	0	0	0	0	0
532981313098	1	0	3	7	3	1	4	0	3	0	2	13	1	1	1	0	0	0	0	0	0	-1	-1	0	0	0	0	0	-1	-2	0	0
532997683589	0	0	0	0	0	0	0	0	0	0	0	0	0	0	0	0	0	0	0	0	0	0	0	0	0	0	0	0	0	0	0	0
533037153335	1	2	2	5	2	0	6	2	2	0	3	7	5	0	0	0	0	0	0	0	-1	0	-1	0	0	0	0	-3	0	0	0	0
533059664152	0	5	5	13	1	3	9	0	15	2	2	9	7	2	0	1	-1	-1	-3	-2	-2	0	-2	0	-2	0	-1	-1	-1	-1	-3	0
533121988639	0	10	6	18	0	0	28	18	7	0	0	4	10	1	0	1	-3	-1	-9	0	0	0	-5	-8	0	0	-1	-4	-1	-4	-2	0
533123148610	0	0	0	0	0	0	0	0	0	0	0	0	1	0	0	0	0	0	0	0	0	0	0	0	0	0	0	0	0	0	0	0
533183733072	0	1	1	0	0	1	2	0	0	0	0	1	0	0	0	0	0	0	0	-1	0	0	0	0	0	0	0	0	0	-3	0	0
533194125658	5	12	7	12	4	0	10	3	19	0	1	17	2	1	0	4	-5	-1	0	0	-6	0	-2	0	0	-3	-1	-5	0	0	0	-2
533217138261	0	1	0	3	0	0	5	0	2	0	0	1	1	0	0	0	0	0	0	0	0	0	0	0	0	0	0	0	0	0	0	0
533271938379	1	3	2	4	0	0	11	1	3	0	0	6	5	0	1	1	-2	0	0	-1	0	0	-1	0	0	0	0	-3	0	-1	0	-1
533274058049	8	12	24	33	14	1	44	5	25	0	1	24	6	4	1	7	-7	-2	-9	-19	-6	0	-15	-1	-8	-1	0	-4	-2	-3	-4	-3
533298130127	3	9	6	31	12	0	28	18	18	0	3	11	12	1	0	3	-3	-2	-2	-2	-1	-1	-8	-3	-2	-1	0	-1	-3	-2	0	-2
533303961015	0	0	0	0	0	0	0	1	0	0	0	0	0	0	0	0	0	0	0	0	0	0	-1	0	0	0	0	0	0	0	0	0
533609467192	1	4	0	5	0	0	1	1	2	0	1	1	1	0	0	1	0	0	0	0	-1	0	0	0	0	0	0	0	0	-1	0	0
533636478895	0	0	0	0	0	0	0	0	0	0	0	0	0	0	0	0	0	0	0	0	0	0	0	0	0	0	0	0	0	0	0	0
533653714032	0	1	0	0	0	0	1	1	0	0	0	0	2	0	0	0	0	0	0	0	0	0	0	0	0	0	0	0	0	0	0	0
533668093252	38	43	37	50	44	3	99	48	48	7	9	60	43	15	3	23	-17	-14	-18	-24	-18	-1	-40	-13	-21	-9	-5	-7	-5	-14	-12	-14
533675197876	0	0	0	0	1	0	0	1	0	0	1	3	0	0	0	0	0	0	0	0	0	0	0	0	0	0	0	-1	0	-1	0	0
533677097873	5	5	1	5	5	0	9	2	3	0	1	4	1	1	2	6	-5	-1	0	0	-3	0	-4	0	0	0	-1	0	0	-1	-1	0
533685109567	0	0	1	2	1	1	7	1	3	0	1	5	1	0	0	0	-1	0	0	0	0	0	-1	0	0	-1	0	0	0	-1	0	-1
533700058480	0	1	0	0	0	0	0	0	0	0	0	1	0	0	0	0	0	0	0	0	0	0	0	0	0	0	0	0	0	0	0	0
533709691543	1	0	0	0	0	0	0	0	0	0	0	0	0	0	0	0	0	0	0	0	0	0	0	0	0	0	0	0	0	0	0	0
533716872236	0	2	2	11	2	0	8	6	1	0	2	2	0	0	0	0	0	0	-4	0	0	0	-2	-2	0	-1	0	0	0	-2	0	0
533729932060	6	9	10	8	3	0	9	1	9	1	2	2	2	2	2	1	-4	-1	-3	-12	-2	0	-8	-2	-3	-1	-3	-1	-2	-1	-2	-2
533738298376	24	73	103	280	65	30	271	171	171	11	31	91	170	39	14	22	-16	-15	-28	-36	-36	-11	-134	-31	-29	-22	-13	-17	-24	-42	-19	-25
533767871511	16	11	14	37	11	0	28	4	24	0	2	14	3	6	1	3	-6	-2	-9	-6	-5	0	-12	0	-4	-2	-3	-3	0	-4	-3	-2
533785654259	5	14	3	10	8	0	26	15	14	0	1	10	6	0	3	3	0	-3	-3	-1	-5	0	-10	-4	-2	0	-1	0	0	-1	0	0
533795967814	15	15	24	103	7	24	112	38	39	3	7	69	45	5	1	15	-4	-1	-8	-4	-4	-12	-46	-11	-12	-3	-3	-16	-12	-8	-4	-4
533816610570	0	0	0	0	0	0	0	0	0	0	0	0	0	0	0	0	0	0	0	0	0	0	0	0	0	0	0	-1	0	0	0	-1
533932720513	0	0	0	1	0	0	0	0	0	0	1	0	1	0	0	0	0	0	0	-1	0	0	0	0	0	0	0	0	0	0	0	0
533950983745	0	0	5	7	1	0	13	4	2	0	2	2	2	0	1	3	0	0	0	-1	0	0	-5	-1	-1	0	-1	-1	0	0	0	0
533953897953	0	0	0	1	0	0	0	0	0	0	0	0	0	0	0	0	0	0	0	0	0	0	0	0	0	0	0	0	0	0	0	0
533960461451	0	0	0	1	0	0	2	1	0	0	0	0	1	0	0	0	0	0	0	-1	0	0	-1	0	0	0	0	0	0	0	0	0
533968926325	0	0	0	0	0	0	0	0	0	0	0	0	0	0	0	0	0	0	0	0	0	0	0	0	0	0	0	0	0	0	0	0
533972147665	0	0	0	0	0	0	0	0	0	0	0	0	0	0	0	0	0	0	0	0	0	0	0	0	0	0	0	0	0	0	0	0
533979578249	0	0	0	1	0	0	2	2	0	0	0	0	2	0	0	0	0	0	0	0	0	0	-1	0	0	0	0	0	0	0	0	0
533999296803	0	4	11	26	4	4	25	4	16	0	4	9	10	2	1	3	-3	0	-2	-1	0	-1	-9	0	-3	-1	-3	-2	-3	-3	0	-4
534005613613	0	3	0	1	0	0	1	3	1	0	0	2	2	0	0	0	0	0	0	0	0	0	-1	0	0	0	0	0	0	0	0	0
534006299610	0	0	0	0	0	0	0	0	0	0	0	0	0	0	0	0	0	0	0	0	0	0	0	0	0	0	0	0	0	0	0	0
534013193454	0	0	0	3	0	0	0	0	1	0	0	1	0	0	0	0	0	0	0	0	0	0	-1	0	0	0	0	0	0	0	0	0
534017006862	0	0	0	0	0	0	0	0	1	0	0	1	1	0	0	0	0	0	0	0	0	0	-1	0	0	0	0	-1	0	0	0	0
534023987131	0	1	0	1	0	0	3	0	0	0	0	0	0	0	0	0	0	0	0	0	0	0	0	0	0	0	0	0	0	0	0	0
534040460400	1	1	1	3	1	0	1	0	1	0	0	1	0	0	0	0	-2	0	-2	0	0	0	0	0	0	0	0	0	0	-2	0	-1
534047600510	2	5	6	9	0	0	24	14	9	2	3	7	11	2	1	6	-1	-1	-3	-5	-1	-1	-8	-5	-2	-3	0	-1	-1	-3	-3	-4
534054127600	0	0	0	0	0	0	1	0	1	0	0	0	1	0	0	0	0	0	-2	0	0	0	-1	0	-1	0	0	0	-1	0	0	0
534078622940	18	43	37	96	13	14	125	106	68	6	17	41	48	11	5	26	-15	-4	-15	-10	-7	-5	-44	-22	-20	-6	-3	-5	-3	-13	-10	-14
534093233883	0	1	0	0	1	0	0	0	0	0	0	1	0	0	0	0	0	0	0	0	0	0	0	0	0	0	0	0	0	0	0	0
534125016097	0	0	0	0	0	0	0	0	0	0	0	1	0	0	1	0	0	0	0	0	0	-1	0	0	0	0	0	0	0	0	0	0
534129444667	0	0	0	0	1	0	0	0	1	0	0	0	0	0	0	1	0	0	0	0	0	0	0	0	0	0	0	0	0	0	0	0
534139190705	0	0	0	0	0	0	0	0	0	0	0	0	0	0	0	0	0	0	0	0	0	0	0	0	0	0	0	0	0	0	0	0
534152636029	1	2	3	8	1	2	14	9	10	0	0	3	12	4	1	0	0	0	0	-2	0	-1	-4	-1	-1	0	0	0	-2	-1	0	-1
534179080103	1	0	1	1	0	0	1	0	0	0	0	0	0	0	0	0	0	0	0	0	0	0	-1	0	0	0	0	0	0	0	0	0
534194315613	0	0	0	3	0	0	0	0	1	0	0	1	3	0	0	1	0	0	-1	0	0	0	-1	0	-1	0	0	0	0	0	0	0
534215832196	6	13	5	7	3	0	14	12	6	0	1	5	3	2	0	1	-5	-1	0	-5	0	0	-4	0	0	0	-2	-1	0	-1	0	-2
534229482583	0	0	0	1	0	0	0	0	1	0	0	1	0	0	0	0	0	0	0	0	0	0	0	0	0	0	0	0	0	0	0	0
534233125609	0	0	0	1	0	0	1	1	0	0	0	1	0	0	0	0	-1	0	0	0	0	0	0	0	0	0	0	0	0	0	0	0
534249458321	0	0	1	0	0	0	0	0	0	0	0	0	0	0	0	0	0	0	0	0	0	0	0	0	0	0	0	0	0	0	0	0
534251495448	5	3	6	21	11	3	31	11	14	1	6	32	11	2	2	3	-2	-3	-3	-3	-5	-1	-4	-1	-2	0	0	-7	-1	0	-2	-5
534261621799	0	0	0	0	0	0	0	0	1	0	0	0	1	0	0	0	0	0	0	0	0	0	0	0	0	0	0	0	0	0	0	0
534266304970	0	0	0	1	0	0	2	0	0	0	0	0	0	0	0	0	0	0	0	0	0	0	0	0	0	0	0	0	0	0	0	0
534266748367	0	0	0	0	0	0	0	0	0	0	0	0	1	0	0	0	0	0	-1	0	0	0	0	0	0	0	0	0	0	0	0	0
534267927474	0	1	0	0	0	0	0	0	0	0	0	0	0	0	0	0	0	0	0	0	0	0	-1	0	0	0	0	0	0	0	0	0
534296745686	0	0	0	0	0	0	1	1	0	0	0	0	0	0	0	0	0	0	0	0	0	0	0	0	0	0	0	0	0	0	0	0
534308836786	0	1	1	2	1	0	1	3	1	0	0	1	2	0	0	0	0	0	0	0	0	0	0	0	0	0	0	0	0	-1	0	-1
534309807471	0	4	3	6	4	0	5	2	1	0	2	2	1	1	0	0	0	-1	-1	0	-2	0	-2	0	0	0	-1	-1	0	-1	0	0
534343891209	0	0	0	0	0	0	0	0	1	0	0	0	1	0	0	0	0	0	0	0	0	0	0	0	0	0	0	0	0	0	0	0
534352243814	5	10	5	7	6	0	17	6	7	0	1	6	4	1	0	4	-2	-2	-1	-5	-3	0	-7	-5	-1	0	0	0	-2	-2	0	-1
534362334265	0	0	0	0	0	0	0	0	2	0	0	0	0	0	0	0	0	0	0	0	0	0	0	0	0	0	0	0	0	0	0	0
534367272319	0	0	0	0	0	0	0	0	0	0	0	0	0	0	0	0	0	0	0	0	0	0	0	0	0	0	0	0	0	0	0	0
534386799089	3	1	2	2	0	0	3	3	1	0	0	2	3	0	0	1	0	0	0	0	0	-1	-1	0	0	0	0	-1	0	0	0	0
534397593428	0	0	0	0	0	0	0	0	0	0	0	0	0	0	0	0	0	0	0	0	0	0	0	0	0	0	0	0	0	0	0	0
534411072334	0	1	1	9	1	0	3	1	0	0	2	0	0	1	0	0	0	0	0	-1	0	0	-1	-1	0	0	0	0	0	0	0	0
534425949200	0	0	0	0	0	0	0	0	1	0	0	0	0	0	0	0	0	0	0	0	0	0	0	0	0	0	0	0	0	0	0	0
534428197306	0	0	0	2	2	0	1	1	0	0	0	1	0	0	0	0	0	0	0	0	0	0	-1	0	0	0	0	0	0	0	0	-1
534436905261	0	0	0	1	0	0	0	0	0	0	0	0	0	0	0	0	0	0	0	0	0	0	-1	0	0	0	0	0	0	0	0	0
534453654667	0	0	0	0	0	0	1	1	0	0	0	0	0	0	0	0	0	0	0	0	0	0	0	0	0	0	0	0	0	0	0	0
534457052455	3	8	6	15	3	1	7	5	6	0	1	0	8	1	0	4	-2	-3	-1	0	-1	0	-5	-4	0	0	0	0	0	0	0	0
534467988803	0	0	1	1	1	0	2	1	0	0	1	0	1	1	0	0	0	0	0	0	0	0	0	0	0	0	0	0	0	0	0	0
534469019561	0	4	6	21	1	1	16	12	8	0	2	4	5	4	2	2	-2	-1	-2	-5	-3	0	-10	-2	-3	0	0	0	-2	-1	-2	-6
534474689228	0	0	1	0	0	0	0	0	0	0	0	0	0	0	0	0	0	0	0	0	0	0	0	0	0	0	0	0	0	0	0	0
534475828739	2	8	3	26	3	2	33	16	20	0	5	7	21	4	2	2	-2	0	-6	-2	-3	-1	-15	-5	-6	0	-2	-2	0	-3	-1	-2
534478576227	0	0	0	0	0	0	0	0	0	0	0	0	0	0	0	0	0	0	0	0	0	0	0	0	0	0	0	0	0	0	0	0
534527213871	1	4	0	3	0	0	1	0	7	0	0	0	4	1	0	1	0	0	0	0	0	0	-1	0	-1	0	0	0	0	0	0	0
534528471920	0	0	0	0	0	0	1	1	0	0	0	0	0	0	0	0	0	0	0	0	0	0	0	0	0	0	0	0	-1	0	0	0
534567123705	0	0	1	2	0	0	0	0	0	0	0	0	0	0	0	0	0	0	0	0	0	0	0	0	0	0	0	0	-1	0	0	0
534594562468	2	1	6	27	0	1	20	2	20	0	2	4	2	0	1	0	0	-2	0	0	-1	-1	-8	0	-1	-1	-2	0	-1	-2	0	0
534620161288	3	2	4	18	7	4	19	6	18	0	10	20	15	2	0	2	-3	0	-2	-4	-1	-2	-7	0	-1	-2	0	-4	0	-3	-2	-1
534676159299	0	0	1	4	0	0	5	2	1	0	0	1	2	0	0	0	0	0	0	-1	0	-1	-1	0	-1	0	0	0	0	-1	0	-2
534688878666	0	0	0	0	0	0	0	0	0	0	0	0	0	0	0	1	0	0	0	0	0	0	0	0	0	0	0	0	0	0	0	0
534701672622	0	1	0	2	0	0	1	1	2	0	0	0	0	0	0	1	0	0	0	0	0	0	0	0	0	0	0	0	0	0	0	0
534736710487	6	22	27	58	15	3	48	22	17	3	5	14	14	1	1	7	-5	-4	-7	-6	-3	-2	-20	-9	-3	0	-4	-2	-1	-2	-4	-2
534737542195	0	0	0	1	0	0	0	0	0	0	0	0	0	0	0	0	0	0	0	0	0	0	0	0	0	0	0	0	0	0	0	0
534739906070	2	3	3	8	8	1	13	8	3	0	1	1	4	3	0	0	0	0	0	-3	-2	0	-4	-4	-5	-2	0	-1	0	-4	0	-1
534767104384	0	0	0	0	0	0	0	0	0	0	0	0	0	0	0	0	0	0	0	0	0	0	0	0	0	0	0	0	0	0	0	0
534780890817	0	0	0	0	0	0	0	0	0	0	0	0	0	0	0	0	0	0	0	0	0	0	0	0	0	0	0	0	0	0	0	0
534813775224	0	8	1	9	6	0	7	1	3	0	1	6	4	0	0	2	0	0	-1	-1	0	0	-1	0	0	-1	0	0	0	-2	0	0
534813875027	3	24	8	36	9	4	47	14	33	1	7	46	33	3	4	3	-4	-2	-4	-4	-3	-2	-10	-3	-3	-2	0	-12	-2	-11	-4	-3
534815601716	0	0	0	0	0	0	1	0	0	0	0	0	0	0	0	0	0	0	0	0	0	0	0	0	0	0	0	0	0	0	0	0
534822605368	2	9	5	24	10	1	25	10	12	0	3	22	7	5	0	5	-1	-2	-2	-9	-2	-1	-6	-2	-2	0	-1	-3	0	-2	-4	-2
534826891786	1	6	12	23	10	0	30	11	4	0	2	20	5	0	1	3	-1	-2	-2	-6	-1	-1	-6	-3	-1	0	0	-4	0	-3	-1	-1
534846156138	1	0	1	3	0	0	2	0	1	0	1	2	0	0	0	1	0	-1	0	-2	0	0	-1	-2	-1	0	0	0	0	0	0	-1
534853177557	0	0	0	0	0	0	1	0	1	0	0	0	0	0	0	0	0	0	0	0	0	0	0	0	0	0	0	0	0	0	0	0
534933850479	0	1	1	0	0	0	2	0	0	0	0	0	0	0	0	0	0	0	0	0	0	0	0	0	0	0	0	0	0	0	0	0
534952540269	0	0	0	0	0	0	0	0	0	0	0	0	0	0	0	0	0	0	0	0	0	0	0	0	0	0	0	0	0	0	0	0
534957900075	0	0	0	0	0	0	0	2	0	0	0	0	1	0	0	0	0	0	0	0	0	0	0	-1	0	0	0	0	0	0	0	0
534962836537	4	9	21	16	10	0	20	6	4	0	2	5	6	4	1	1	-8	-4	-7	-6	-6	-1	-6	-1	-8	-1	-3	-1	-1	-1	0	-1
534985042070	0	1	0	1	0	0	1	0	1	0	0	1	1	0	0	0	0	0	0	0	-1	0	-1	0	0	0	0	0	0	0	0	0
534987526261	100	106	111	260	239	9	263	110	67	3	12	296	62	21	15	71	-62	-22	-64	-34	-62	-8	-97	-22	-25	-9	-3	-34	-9	-19	-13	-56
534993950022	0	0	0	0	0	0	1	0	0	0	0	0	0	0	0	0	0	0	0	0	0	0	0	0	0	0	0	0	0	0	0	0
535002824955	0	0	0	2	0	0	2	1	2	0	0	0	1	0	0	0	0	0	0	0	0	0	-2	0	0	0	0	0	0	0	0	0
535009361624	0	0	0	0	0	0	0	1	0	0	0	0	0	0	0	0	0	0	0	0	0	0	0	0	0	0	0	0	0	0	0	0
535010029317	0	0	0	0	0	0	0	0	0	0	0	0	0	1	0	0	0	0	0	0	0	0	-1	0	0	0	0	0	0	0	0	0
535017893815	0	0	0	0	0	0	1	0	0	0	0	1	0	0	0	0	0	0	0	0	0	0	0	0	0	0	0	0	0	0	0	0
535017973534	0	1	1	0	0	0	2	1	1	0	1	2	1	2	1	1	-1	-1	0	-1	0	0	0	-1	-2	-1	0	0	0	0	0	-1
535032349847	0	0	0	0	0	0	0	0	0	0	0	0	0	0	0	0	0	0	0	0	0	0	0	0	0	0	0	0	0	0	0	0
535042568921	0	0	0	0	0	0	1	0	0	0	0	0	0	0	0	0	0	0	0	0	0	0	0	0	0	0	0	0	0	0	0	0
535050232822	0	0	0	1	0	0	0	0	0	0	0	0	0	0	0	0	0	0	-1	-2	0	0	0	-1	0	0	0	0	0	0	0	0
535056640115	0	0	0	0	0	0	1	0	0	0	0	1	0	0	0	0	0	-1	-1	0	-1	0	0	0	0	0	0	-1	0	0	0	0
535322083890	5	13	1	13	6	4	22	10	4	0	3	7	7	3	0	7	-2	-1	-1	0	-3	0	-5	-1	-1	0	0	-3	0	-1	0	-2
535336611507	1	3	0	2	3	0	5	1	0	0	0	1	3	1	0	1	0	0	-1	0	0	0	-1	0	0	0	0	0	0	0	0	0
535345074391	1	1	5	3	4	0	4	1	1	0	0	7	1	0	1	1	0	0	0	-1	-1	0	-4	0	0	0	0	0	0	-2	0	-1
535359878229	1	2	0	10	4	0	15	2	10	0	0	4	3	0	0	2	-2	0	-1	-1	0	-1	-5	-1	-2	0	0	-2	-1	0	0	-2
535364187081	0	0	0	0	0	0	0	0	0	0	0	0	0	0	0	0	0	0	0	0	0	0	0	0	0	0	0	0	0	0	0	0
535408538144	1	4	1	3	0	0	6	2	2	0	1	3	3	1	2	0	-3	-1	0	0	0	-1	-3	-2	0	0	0	0	0	-1	0	-1
535410824482	0	0	0	0	0	0	0	0	0	0	0	0	0	0	0	0	0	0	0	0	0	0	0	0	0	0	0	0	0	0	0	0
535432618717	0	0	0	2	0	0	0	0	1	0	0	0	0	0	0	0	0	0	0	0	0	0	0	0	0	0	0	0	0	0	0	0
535434373467	1	4	4	15	4	0	19	5	6	2	2	5	7	1	1	0	0	0	-2	-4	0	-1	-4	-1	-5	0	-1	-1	0	-1	0	-2
535441179520	0	6	4	10	6	0	8	9	4	0	0	3	6	0	0	2	0	-1	-3	-1	-1	0	-8	-5	0	-2	0	-1	0	0	0	-1
535452490981	0	0	0	1	0	0	0	0	0	0	0	0	0	0	0	0	0	0	0	-2	0	0	0	0	0	0	0	0	0	0	0	0
535463441543	0	0	0	0	0	0	0	0	1	0	0	0	0	0	0	0	0	0	0	0	0	0	0	0	0	0	0	0	0	0	0	0
535481867617	0	1	0	0	0	0	0	0	0	0	0	1	1	0	0	0	0	0	0	0	0	0	0	0	0	0	0	0	0	0	0	0
535483062036	0	1	0	0	0	0	0	0	0	0	0	0	0	0	0	0	0	0	0	0	0	0	0	0	0	0	0	0	0	0	0	0
535505159206	0	1	0	1	1	0	0	0	0	0	0	0	0	0	0	0	0	0	0	0	0	0	-2	0	0	0	0	0	0	0	0	0
535536419930	0	0	0	0	0	0	0	0	0	0	0	0	0	0	0	0	0	0	0	0	0	0	0	0	0	0	0	0	0	0	0	0
535552898781	0	0	0	0	0	0	1	0	0	0	0	0	0	0	0	0	0	0	0	0	0	0	0	0	0	0	0	0	0	0	0	0
535553613940	0	1	0	0	0	0	0	0	1	0	0	0	0	0	0	0	0	0	0	0	0	0	0	0	0	0	0	-1	0	0	0	0
535574306331	0	0	0	0	0	0	0	0	0	0	0	0	0	0	0	0	0	0	0	0	0	0	0	0	0	0	0	0	0	0	0	0
535584367008	9	30	27	180	33	21	155	59	48	1	29	88	79	13	6	11	-5	-4	-14	-15	-9	-7	-40	-13	-14	-4	-11	-15	-10	-14	-4	-12
535594497895	0	0	0	0	0	0	0	0	0	0	0	0	0	0	0	0	0	0	0	0	0	0	0	0	0	0	0	0	0	0	0	0
535599194034	0	0	0	0	0	0	0	0	0	0	0	0	0	0	0	0	0	0	0	0	0	0	0	0	0	0	0	0	0	0	0	0
535618843253	0	4	2	5	3	1	5	5	1	0	2	8	1	0	0	2	0	-2	-1	-2	-1	0	-7	0	-5	0	-3	-1	0	-1	-1	0
535632348827	0	0	0	0	1	0	0	0	0	0	1	0	0	0	0	0	0	-1	0	0	0	0	0	0	-1	0	0	0	0	0	0	0
535643485796	0	1	2	2	1	0	1	0	2	0	0	2	5	1	1	2	0	-1	0	0	-1	-1	-6	0	0	0	0	0	0	0	-1	-1
535648773886	6	11	10	47	9	7	43	21	18	0	5	19	14	1	1	11	0	-2	-3	-5	-3	-1	-14	-4	-4	-1	-2	-3	-4	-3	-1	-5
535658117931	1	5	13	11	6	0	13	8	5	0	1	11	5	0	1	1	0	0	0	-2	-1	0	-8	-1	-1	-1	0	-1	0	-1	-1	-1
535688536670	5	4	1	2	5	0	5	2	4	0	0	4	0	1	0	3	-2	-1	-2	0	-2	0	-9	0	0	0	0	0	0	-2	0	-1
535694408006	36	97	109	204	125	3	299	121	107	4	7	168	44	8	9	21	-31	-15	-25	-51	-28	-5	-72	-25	-16	-3	-4	-21	-6	-12	-2	-9
535704674809	0	3	5	8	2	0	9	3	2	0	1	7	5	1	0	1	-1	0	-1	-1	0	0	-3	0	0	0	0	-1	0	0	-1	0
535717675995	0	0	2	0	0	0	1	0	0	0	0	0	1	0	0	1	-1	0	0	0	0	0	0	0	0	0	-2	0	0	0	0	0
535723439021	0	0	1	1	0	0	2	0	0	0	0	1	0	0	0	0	-1	0	0	-1	0	0	0	0	0	0	0	0	0	-1	-2	-1
535794946968	0	0	0	0	0	0	1	0	0	0	0	0	0	0	0	0	0	0	0	0	0	0	0	0	0	0	0	0	0	0	0	0
535796414288	0	1	1	1	0	0	0	0	0	0	0	0	0	0	0	0	0	0	0	0	0	0	0	0	0	0	0	0	0	0	0	0
535802319427	1	3	2	6	3	0	13	6	5	0	0	3	3	3	1	0	0	0	-2	0	-1	0	-3	-1	-2	0	0	0	0	-2	-1	-3
535820387072	0	0	0	1	1	0	0	0	0	0	0	0	1	0	0	0	0	0	-1	0	-1	0	0	0	-1	0	-1	0	0	0	0	0
535857427717	0	0	0	0	0	0	0	0	1	0	0	1	0	0	0	0	0	0	0	0	0	0	0	0	0	0	0	0	0	0	0	0
535874502103	0	0	0	0	0	0	1	0	1	0	0	0	1	0	0	0	0	0	0	0	0	0	0	0	-1	0	0	0	0	0	0	0
535876258346	0	1	1	1	1	0	2	3	4	0	1	4	1	0	0	0	-1	0	0	0	-1	0	-1	0	0	0	0	0	0	-1	0	0
535905655714	0	0	0	0	0	0	0	0	0	0	0	1	0	0	0	0	0	0	0	0	0	0	0	0	-1	0	0	0	0	0	0	0
535907491897	0	0	0	1	0	0	0	0	0	0	0	0	1	0	0	1	0	0	0	0	0	0	0	0	0	0	0	0	0	0	0	0
535911599018	0	0	0	0	0	0	0	0	0	0	0	0	0	0	0	0	0	0	0	0	0	0	0	0	0	0	0	0	0	0	0	0
535912637931	0	0	0	2	0	0	0	1	1	0	0	2	2	0	0	0	0	0	-2	-1	0	0	-1	0	-1	0	0	0	0	-1	0	0
535917958067	1	1	0	0	3	0	3	0	6	0	0	1	2	1	0	0	-1	0	0	0	-1	0	-1	0	0	0	0	0	0	-1	0	0
535938754773	0	0	0	2	0	0	1	0	0	0	0	1	0	1	0	0	-1	0	-1	-1	0	0	-1	0	-1	0	0	0	0	0	0	-1
535940596195	0	0	0	0	0	0	0	0	0	0	0	0	0	0	0	0	0	0	0	0	0	0	0	0	-1	0	0	0	0	0	0	0
535952613195	0	0	0	0	0	0	0	0	0	0	0	0	0	0	0	0	0	0	0	0	0	0	0	0	0	0	0	0	0	0	0	0
535959719948	0	1	0	0	0	0	0	0	0	0	0	0	0	0	0	0	0	0	0	0	0	0	0	0	0	0	0	0	0	0	0	0
535963380017	0	0	0	0	0	0	0	0	0	0	0	0	0	0	0	0	0	0	0	0	0	0	0	0	0	0	0	0	0	0	0	0
535964684842	0	0	0	0	0	0	0	0	0	0	0	0	0	0	0	0	0	0	0	0	0	0	0	0	0	0	0	0	0	0	0	0
535983202431	0	0	0	0	0	0	2	1	0	0	0	0	1	0	0	0	0	-1	0	0	0	0	-1	0	0	0	0	0	0	0	0	0
535988956218	0	1	0	1	0	0	1	0	2	0	0	0	1	0	0	0	0	0	-1	0	0	0	0	0	0	0	0	0	0	0	0	0
536013001883	0	0	0	0	0	0	0	0	0	0	1	0	0	0	0	0	0	0	0	0	0	0	0	0	0	0	0	0	0	0	0	0
536016326269	0	0	0	2	0	0	0	0	1	0	0	0	0	0	0	0	-1	0	0	0	0	0	0	0	0	0	0	0	0	0	0	0
536017733754	0	2	3	5	1	0	3	1	2	0	1	4	1	0	1	0	0	0	0	0	0	0	-2	-1	0	0	0	-1	0	0	0	0
536047208398	7	7	23	32	5	1	25	9	13	1	3	9	6	2	0	7	-2	0	-6	-3	-4	-2	-12	-1	-2	0	0	0	-2	-4	-1	0
536047881868	0	0	0	0	0	0	0	0	0	0	0	0	0	0	0	0	0	0	0	0	0	0	0	0	0	0	0	0	0	0	0	0
536070744429	0	0	0	0	0	0	0	0	0	0	0	1	0	0	0	0	-1	0	0	0	0	0	0	0	0	0	0	-1	0	0	0	0
536098395656	48	50	81	134	96	2	172	54	48	1	4	147	45	10	4	17	-20	-9	-21	-23	-39	-2	-39	-7	-16	-3	-2	-15	-4	-11	-1	-21
536104734404	2	1	2	1	0	0	0	0	0	0	1	1	0	0	0	0	0	0	0	-1	0	0	0	0	0	0	0	-1	0	0	0	0
536109664551	0	0	0	0	0	0	2	0	0	0	0	0	0	0	0	1	0	0	0	0	0	0	0	0	0	0	0	-1	0	0	0	0
536124078230	58	140	69	230	99	8	289	189	145	6	11	105	83	29	12	41	-21	-29	-21	-66	-50	-5	-104	-34	-28	-10	-7	-13	-8	-27	-13	-23
536135667618	0	0	0	0	0	0	0	0	1	0	1	0	0	0	0	0	0	0	0	0	0	0	0	0	0	0	0	0	0	0	0	0
536139205525	0	0	0	1	0	0	0	0	0	0	0	0	0	0	0	0	0	0	0	0	0	0	0	0	0	0	0	0	0	0	0	0
536145185261	0	0	0	3	0	1	1	0	0	0	3	1	0	1	0	0	0	0	0	-2	0	0	0	-1	0	0	0	0	0	0	0	0
536154610540	0	1	0	0	0	0	0	0	0	0	0	0	1	0	0	0	0	-1	0	0	0	0	-1	0	0	0	0	0	0	0	0	0
536169780860	3	3	6	10	2	0	17	6	10	0	3	9	13	2	1	1	-1	-2	-7	-11	-1	-1	-18	-3	-16	0	0	-4	-7	-5	-2	-4
536175591302	0	0	0	1	0	0	0	0	0	0	0	0	0	0	0	0	0	0	0	0	0	0	0	0	0	0	0	0	0	0	0	0
536176771844	0	0	0	0	0	0	0	0	0	0	0	0	0	0	0	0	0	0	0	0	0	0	0	0	0	0	0	0	0	0	0	0
536183275845	0	0	2	0	0	0	1	0	0	0	0	0	2	0	0	0	0	0	0	0	0	0	0	0	0	0	0	0	0	0	0	0
536232596189	0	0	0	0	0	1	0	0	2	0	0	0	0	0	0	0	0	0	0	-1	0	0	0	0	-1	0	0	0	0	0	0	0
536238565355	0	0	0	0	0	0	0	0	0	0	0	0	0	0	0	0	0	0	0	0	0	0	0	0	0	0	0	0	0	0	0	0
536247594083	3	9	8	33	2	3	26	19	11	1	3	6	25	0	1	2	-4	-2	-3	-7	-2	0	-12	-6	-2	-2	-1	-1	0	-4	-1	-2
536248702134	1	0	1	0	0	0	0	0	0	0	0	0	0	0	0	0	0	0	0	-1	0	0	0	0	0	0	0	0	0	0	0	0
536255332531	0	0	0	0	0	0	0	0	0	0	0	0	0	0	0	0	0	0	0	0	0	0	0	0	0	0	0	0	0	0	0	0
536273219057	0	0	0	1	0	0	2	1	0	0	1	0	1	0	0	0	0	0	0	0	0	0	0	0	0	0	-1	0	0	0	0	0
536292601436	0	0	0	0	0	0	0	0	0	0	0	0	0	0	0	0	0	0	0	0	0	0	0	0	0	0	0	0	0	0	0	0
536308546590	0	0	0	1	0	0	0	0	0	0	0	0	0	0	0	0	0	0	0	0	0	0	0	0	0	0	0	0	0	0	0	0
536322224155	0	0	0	0	0	0	0	0	0	0	0	0	0	0	0	0	0	0	0	0	0	0	0	0	0	0	0	0	0	0	0	0
536325276581	0	0	0	1	1	0	0	0	0	0	0	0	0	0	0	0	0	0	0	0	0	0	0	0	0	0	0	0	0	0	0	0
536330744885	0	0	0	0	0	0	0	0	0	0	0	0	0	0	0	0	0	0	0	0	0	0	0	0	0	0	0	0	0	0	0	0
536357630779	0	0	0	1	0	0	0	0	0	0	0	0	0	0	0	0	0	0	0	0	0	0	0	0	0	0	0	0	0	0	0	0
536365400027	3	4	5	17	3	1	11	2	2	0	6	3	5	1	0	0	0	0	0	-1	0	0	-2	-1	0	0	0	-1	-1	-1	0	0
536369576462	0	0	0	0	0	0	0	0	0	0	0	0	0	0	0	0	0	0	0	0	0	0	0	0	0	0	0	0	0	0	0	0
536391089007	0	1	0	5	0	1	5	0	1	0	0	2	5	0	0	0	0	0	-1	0	-1	0	-3	0	0	0	0	0	0	-1	0	0
536416619730	0	0	0	0	0	0	0	0	0	0	0	0	0	0	0	0	0	0	0	0	0	0	0	0	0	0	0	0	0	0	0	0
536422516604	0	0	1	1	0	0	1	0	0	0	0	1	0	1	0	0	0	0	0	-1	0	0	0	0	0	0	0	0	0	0	0	0
536467424810	0	0	0	0	0	0	1	0	0	0	0	1	0	0	0	0	0	0	0	-1	0	0	0	0	0	0	0	0	0	0	0	0
536497203582	0	0	0	1	0	0	3	0	3	0	0	1	0	2	0	0	0	0	-1	0	0	0	-1	0	-1	0	0	0	0	0	0	0
536497883103	0	0	0	0	0	0	0	0	0	0	0	0	0	0	0	0	0	0	0	0	0	0	0	0	0	0	0	0	0	0	0	0
536497903519	0	0	0	0	0	0	0	0	0	0	1	0	0	0	0	0	0	0	0	0	0	0	0	0	0	0	0	0	0	0	0	0
536498227672	0	1	0	0	0	0	1	0	1	0	0	0	0	1	0	0	0	0	0	-1	0	0	0	0	-1	0	0	0	0	0	0	0
536505666526	0	1	0	0	0	0	0	0	0	0	0	0	0	0	0	0	0	0	0	0	0	0	-1	0	0	0	0	0	0	0	0	0
536517885566	0	0	0	0	0	0	0	0	0	0	0	0	0	0	0	0	0	0	0	0	0	0	0	0	0	0	0	0	0	0	0	0
536518338094	0	0	1	5	1	0	3	3	2	1	0	1	0	2	0	1	0	0	0	-1	-1	0	-3	0	-1	0	0	-1	-2	-1	0	-3
536542957611	0	0	0	0	0	0	0	0	0	0	0	0	0	0	0	0	0	0	0	0	0	0	0	0	0	0	0	0	0	0	0	0
536544787125	0	0	0	0	0	0	0	0	0	0	0	0	0	0	0	0	0	0	0	0	0	0	0	0	0	0	0	0	0	0	-1	0
536550564079	0	0	0	0	0	0	0	0	0	0	0	0	0	0	0	0	0	0	0	0	0	0	0	0	0	0	0	0	-1	0	0	0
536564190366	0	0	2	2	0	1	2	1	3	0	1	0	0	0	0	0	0	-2	0	-3	0	0	-2	0	0	0	0	-2	0	0	0	-1
536566815626	0	0	0	0	0	1	2	0	0	0	0	2	0	0	0	0	0	0	0	0	0	-1	0	0	0	0	0	0	0	0	0	0
536568054063	0	0	0	0	0	0	0	0	1	0	0	0	0	1	0	0	0	0	0	0	0	0	0	0	-1	0	0	0	0	0	0	0
536570162700	0	0	0	0	0	0	0	0	0	0	0	0	0	0	0	0	0	0	0	0	0	0	-1	0	0	0	0	0	0	0	0	0
536570598488	0	0	0	0	0	0	0	0	0	0	0	0	0	0	0	0	0	0	0	0	0	0	0	0	-1	0	0	0	0	0	-1	0
536571655185	0	0	0	2	1	0	1	0	0	0	0	0	0	0	0	0	0	0	0	0	0	0	0	0	-1	0	0	0	0	0	0	0
536589175351	42	117	59	202	116	7	267	105	126	1	15	155	89	22	5	35	-20	-12	-28	-52	-47	-4	-82	-18	-34	-3	-3	-13	-9	-20	-8	-22
536610401916	0	0	0	0	0	0	0	0	0	0	0	0	0	0	0	0	0	0	0	0	0	0	0	0	0	0	0	0	0	0	0	0
536610449226	0	0	0	0	0	0	0	0	0	0	0	0	0	0	0	0	0	0	0	0	0	0	0	0	0	0	0	0	0	0	0	0
536610585035	0	0	0	0	0	0	0	0	0	0	0	0	0	0	0	0	0	0	0	0	0	0	0	0	0	0	0	0	0	0	0	0
536612704232	0	0	0	0	0	0	0	0	0	0	0	0	0	0	0	0	0	0	0	0	0	0	0	0	0	0	0	0	0	0	0	0
536627720214	0	0	0	1	0	0	0	0	0	0	0	0	1	0	0	0	0	0	0	0	0	0	0	0	0	0	0	0	0	0	0	0
536633764657	0	0	0	0	0	0	0	0	0	0	0	0	0	0	0	0	0	0	0	0	0	0	0	0	0	0	0	0	0	0	0	0
536637126854	0	0	0	0	0	0	0	0	0	0	0	2	0	1	0	0	-1	0	0	0	0	0	0	0	0	0	0	0	0	0	0	0
536645564483	0	0	0	0	0	0	0	0	0	0	0	0	0	0	0	0	0	0	0	0	0	0	0	0	0	0	0	0	0	0	0	0
536646094133	1	3	2	12	1	3	4	2	1	0	4	8	9	0	0	1	0	0	-1	-1	0	0	-4	0	0	0	0	-1	0	0	0	0
536647236266	0	0	0	1	0	0	0	1	0	0	0	0	0	0	0	0	0	0	0	0	0	0	0	0	-1	0	0	0	0	0	0	0
536648870750	10	4	18	17	8	1	19	6	20	0	1	7	2	0	0	6	-5	0	-2	-3	-3	0	-6	-2	-6	0	0	-1	0	-1	-2	-7
536649964336	0	0	0	1	0	0	1	2	0	1	0	0	2	0	0	0	0	0	-1	0	0	0	-1	0	0	0	0	0	0	0	0	-1
536652609457	0	1	0	1	0	0	0	1	1	0	0	0	0	0	0	0	0	0	0	0	0	0	-1	0	0	0	0	0	0	-1	0	0
536658083710	0	0	2	0	0	0	2	0	1	0	0	0	1	0	0	1	0	0	-1	0	0	0	0	0	0	-1	0	0	-1	-1	0	0
536674137444	0	1	0	0	0	0	2	0	0	0	3	0	0	0	0	0	0	0	0	0	0	0	-2	0	0	0	0	0	0	0	0	0
536684565943	0	0	0	0	0	0	0	0	0	0	0	0	0	0	0	0	0	0	0	0	0	0	-1	0	0	0	0	0	0	0	0	0
536696140068	0	0	0	0	1	0	1	0	0	0	0	0	0	0	0	0	0	0	0	0	0	0	0	0	0	0	0	0	0	0	0	0
536734199292	0	0	4	6	0	0	10	5	11	0	1	1	5	1	0	2	0	-2	-1	-2	-2	0	-2	-1	-1	0	0	-1	0	-2	0	-1
536745087059	0	6	19	19	1	4	19	6	15	4	6	22	6	0	1	1	-1	-2	-2	-4	0	-5	-6	-1	-4	0	-3	-5	0	-3	0	-2
536779941428	0	0	0	0	0	0	0	0	0	0	0	0	0	0	0	0	0	0	0	0	0	0	0	0	0	0	-1	0	0	0	0	0
536785411411	0	0	0	0	0	0	1	0	0	0	0	0	0	0	0	0	0	0	0	0	0	0	0	0	0	0	0	0	0	0	0	0
536803350493	1	1	0	1	0	0	1	0	0	0	0	1	0	1	0	1	0	0	0	0	0	0	0	0	0	0	0	0	0	0	0	0
536810230137	0	0	0	0	0	0	0	0	0	0	0	0	0	0	0	0	0	0	0	0	0	0	0	0	0	0	0	0	0	0	0	0
536812007293	0	1	0	2	0	0	3	1	2	0	0	0	0	0	0	1	-1	0	-1	0	0	0	-1	0	-1	0	0	0	0	0	0	0
536816754015	0	0	0	0	0	0	1	0	0	0	0	1	0	0	0	0	0	0	0	0	0	0	0	0	0	0	0	0	0	0	0	0
536824039731	2	18	17	47	17	3	77	20	79	1	3	33	24	11	12	14	-5	-4	-12	-36	-18	-2	-29	-3	-28	-1	-2	-2	-4	-21	-7	-4
536825175726	5	11	8	35	12	0	48	24	12	1	2	15	16	8	4	1	-2	0	-3	-2	-2	0	-10	-2	-6	-2	-1	-5	-5	-5	-3	-5
536828087468	0	1	1	2	1	0	4	5	1	0	0	1	4	0	0	0	-1	0	0	0	0	0	0	0	-2	0	0	0	0	0	0	-1
536829791688	0	0	0	0	0	0	0	0	0	0	0	0	0	0	0	0	0	0	0	0	0	0	0	0	0	0	0	0	0	0	0	0
536830807874	0	0	1	0	0	0	3	0	1	0	0	2	1	0	0	0	0	0	0	0	0	0	0	0	0	0	0	-1	0	0	-1	0
536840677174	0	0	1	4	1	0	0	0	1	0	0	1	0	0	0	0	0	0	0	0	0	0	-2	0	0	0	0	-1	0	0	0	0
536845207084	1	1	0	1	1	0	2	4	5	0	1	1	1	0	0	1	0	0	0	0	0	-1	-2	0	0	0	0	-1	0	0	0	0
536845291791	0	5	1	12	0	2	2	1	4	0	2	1	8	2	0	0	-1	0	0	0	0	0	-4	0	-5	-1	-1	-1	-1	0	0	0
536849414165	0	0	0	0	0	0	0	0	0	0	0	0	0	0	0	0	0	0	0	0	0	0	0	0	0	0	0	0	0	0	0	0
536878508349	5	10	10	17	1	1	22	3	11	2	2	5	4	2	3	3	-4	-1	-4	-3	-1	0	-8	-2	-3	0	-1	0	0	-5	0	-3
536884895750	0	1	0	2	0	0	1	1	1	0	0	0	1	0	0	1	-1	0	-2	0	0	-1	-1	-1	-1	0	0	0	-1	0	0	0
536888796788	0	0	0	0	0	0	0	0	1	0	0	0	0	0	1	0	0	0	0	0	0	0	0	0	0	0	0	0	0	0	0	0
536895305277	0	0	0	0	0	0	0	0	0	0	0	0	0	0	0	0	0	0	0	0	0	0	0	0	0	0	0	0	0	0	0	0
536900644631	0	0	0	0	0	0	0	0	0	0	0	0	0	0	0	0	0	0	0	0	0	0	0	0	0	0	0	0	0	0	0	0
536900655008	0	5	2	8	2	0	9	7	1	1	0	7	7	0	1	5	0	0	0	-1	-1	0	-1	-1	0	0	0	0	0	0	0	-1
536901540680	6	8	1	8	17	2	18	9	4	1	0	11	3	1	0	8	-3	-2	-1	-2	-5	0	-3	-1	-1	0	0	0	-1	0	-1	-2
536903528694	0	0	0	0	0	0	0	0	0	0	0	0	0	0	0	0	0	0	0	0	0	0	0	0	0	0	0	0	0	0	0	0
536908142482	0	0	0	1	1	0	2	0	2	0	0	0	0	0	0	0	-2	0	-1	-2	0	0	-2	-1	0	0	0	0	0	0	0	0
536919718628	0	0	0	0	0	0	0	0	0	0	0	0	0	0	0	0	0	0	0	0	0	0	-1	0	0	0	0	0	0	0	0	0
536944099124	0	1	0	0	0	0	1	0	0	0	0	0	0	0	0	0	0	0	0	0	0	0	0	0	0	0	0	0	0	0	0	0
536961232126	0	0	0	0	0	0	1	1	1	0	0	0	1	0	0	0	0	0	0	0	0	0	0	0	0	0	0	0	0	0	0	-1
536966950543	2	1	2	1	3	0	3	1	2	0	0	6	2	0	0	1	-2	-1	0	0	-3	0	-1	0	-1	0	0	0	0	-1	-3	-1
536982024326	0	0	2	0	0	0	0	0	0	0	0	0	0	0	0	0	0	0	0	-2	0	0	0	0	-2	0	0	0	0	0	0	0
536987248818	0	0	0	0	0	0	0	0	0	0	0	0	0	0	0	0	0	0	0	0	0	0	0	0	-1	0	0	0	0	0	0	0
537033016324	0	0	0	0	0	0	0	0	0	0	0	0	0	0	0	0	0	0	0	0	0	0	0	0	0	0	0	0	0	0	0	0
537035224158	0	0	0	1	0	0	0	0	0	0	0	0	0	0	0	0	0	0	0	0	0	0	0	0	0	0	0	0	0	0	0	0
537055563517	0	0	0	0	0	0	0	0	0	0	0	0	0	0	0	0	0	0	0	0	0	0	0	0	0	0	0	0	0	0	0	0
537062411670	1	0	0	1	1	0	0	0	1	0	0	0	0	0	0	0	0	0	-1	0	0	0	0	0	0	0	0	0	0	0	0	0
537064142994	0	0	0	0	0	0	0	1	0	0	0	0	1	0	0	0	0	0	0	0	0	0	0	0	0	0	0	0	0	0	0	0
537102934722	0	0	1	2	0	0	1	0	1	0	0	1	0	0	0	1	0	-1	0	0	0	0	-1	0	0	0	0	0	0	0	0	-2
537129093344	0	0	0	0	0	0	0	0	0	0	0	0	0	0	0	0	0	0	0	0	0	0	0	0	0	0	0	0	0	0	0	0
537135089768	12	27	12	51	16	0	40	12	9	4	0	25	12	2	2	9	-9	-8	-3	-5	-12	0	-14	-10	-10	-1	0	-9	-2	-3	-6	-4
537144988736	0	0	1	1	0	0	1	0	0	0	1	0	0	0	0	0	0	0	0	0	0	0	0	0	0	0	0	0	0	0	0	0
537149559378	0	0	0	0	0	0	0	0	2	0	0	0	0	0	0	0	0	0	0	0	0	0	0	0	0	0	0	0	0	0	0	0
537162323266	0	1	0	4	0	0	0	0	0	0	0	0	0	0	0	0	-1	0	-2	-1	0	0	0	0	0	0	0	0	0	0	0	0
537177465298	0	0	0	0	0	0	1	0	0	0	0	0	1	0	0	0	0	0	0	0	0	0	0	0	0	0	0	0	0	0	0	0
537178150973	0	0	2	1	0	0	0	0	0	0	0	0	0	0	0	0	0	0	0	-1	0	0	0	0	0	0	0	0	0	0	-2	0
537195370492	0	0	0	0	0	0	1	0	0	0	0	0	1	0	0	0	0	0	0	0	0	0	0	0	0	0	0	0	0	0	0	-1
537202644580	11	32	23	25	28	3	64	29	23	0	5	56	15	5	0	2	-8	-1	-5	-18	-10	0	-14	0	-5	-1	-2	-4	-1	-4	-2	-4
537212573894	0	0	0	0	0	0	1	0	0	0	0	1	0	0	0	0	0	0	0	-1	0	0	0	0	0	0	0	0	0	0	0	0
537213095404	0	1	0	0	0	0	0	0	0	0	0	2	0	0	0	0	0	0	0	0	0	0	0	0	0	0	0	0	0	0	0	0
537217077046	0	0	0	0	0	0	0	0	0	0	0	0	0	0	0	0	0	0	0	0	0	0	0	0	0	0	0	0	0	0	0	0
537217205197	0	0	0	0	0	0	0	0	0	0	0	0	0	0	0	0	0	0	0	0	0	0	0	0	0	0	0	0	0	0	0	0
537218490059	0	0	1	3	0	0	2	1	2	0	0	0	1	0	0	0	0	0	0	-1	0	0	0	0	0	0	0	0	0	-1	0	0
537248702650	1	0	0	1	0	0	2	0	0	0	0	0	1	0	0	0	0	0	0	0	0	0	-1	0	-1	0	0	0	-1	0	0	-1
537250595836	0	0	0	0	0	0	0	1	0	0	0	0	1	0	0	0	0	0	0	0	-1	0	0	0	0	0	0	0	0	0	0	0
537265552740	0	0	0	0	0	0	0	0	0	0	0	0	0	0	0	0	0	0	0	0	0	0	0	0	0	0	0	0	0	0	0	0
537276314074	0	1	0	0	0	0	0	0	1	0	0	1	0	0	0	0	0	0	0	0	0	0	0	0	0	0	0	0	-1	0	0	0
537294782203	0	1	1	0	0	0	0	0	0	0	0	0	0	0	0	0	0	0	0	0	0	0	0	0	0	0	0	0	0	0	0	0
537337899515	1	4	5	7	4	0	8	2	14	0	2	5	8	2	0	2	-1	-3	-2	-1	-1	0	-5	-2	-2	-1	-1	-1	0	-2	-1	-3
537352599261	0	0	1	1	0	0	0	0	0	0	0	0	0	0	0	0	0	0	-1	0	0	0	0	0	0	0	0	0	0	0	0	0
537365186302	0	0	0	0	0	1	1	0	0	0	0	0	0	0	0	0	0	0	0	0	0	0	0	0	0	0	-1	0	0	0	0	-1
537378314203	0	0	0	1	0	0	0	0	1	0	0	0	0	0	0	0	0	0	0	0	0	0	0	0	0	0	0	0	0	0	0	0
537400400036	0	0	0	0	0	0	0	0	0	0	0	0	0	0	0	0	0	0	0	0	0	0	0	0	0	0	0	-1	0	0	0	0
537411376370	0	4	3	9	7	0	9	12	6	0	0	6	6	1	0	0	0	0	-3	-1	-1	0	-1	-1	-2	0	0	-1	0	-1	0	-1
537411792114	0	0	1	3	0	1	2	0	0	0	1	1	0	0	0	1	0	0	-1	0	0	0	0	0	-2	0	0	0	0	0	0	-1
537454389636	0	0	0	2	0	0	0	0	0	0	0	0	0	0	0	0	0	0	0	0	0	0	0	0	0	0	0	0	0	0	0	0
537457269287	0	1	0	1	0	0	1	1	0	0	0	0	1	0	0	0	0	0	0	-1	0	0	0	0	0	0	0	0	0	0	0	0
537485010267	3	1	0	0	0	0	1	0	2	0	0	0	0	2	0	0	0	0	-1	-1	-1	0	-2	0	-2	0	0	0	0	-4	0	-1
537554872141	0	0	0	0	0	0	0	0	0	0	0	0	0	0	0	0	0	0	0	0	0	0	0	0	0	0	0	0	0	0	0	0
537602905598	1	4	3	5	0	0	13	12	10	0	2	1	14	4	0	3	-1	0	-2	-13	0	0	-7	-4	-5	0	-1	-1	-1	-4	-1	-2
537606410953	0	0	0	0	0	0	0	0	1	0	0	0	0	0	0	0	0	0	0	0	0	0	-1	0	0	0	0	0	0	0	0	0
537636964182	0	0	0	0	0	0	0	0	0	0	0	0	0	0	0	0	0	0	0	0	0	0	-2	0	0	0	0	0	0	0	-1	0
537687300401	0	0	0	1	0	0	1	0	0	0	0	0	0	0	0	0	0	0	0	0	0	0	0	0	0	-1	0	0	0	0	0	0
537691652766	0	0	0	0	0	0	0	0	0	0	0	0	0	0	0	0	0	0	0	0	0	0	0	0	0	0	0	0	0	0	0	0
537734262797	0	0	0	1	1	0	0	0	1	0	0	0	0	0	0	0	0	0	0	0	0	0	0	0	0	0	0	0	0	0	0	0
537774053217	0	1	0	1	0	0	0	2	1	0	0	2	1	0	1	1	-1	0	0	0	0	0	-1	0	0	0	0	0	0	0	0	0
537823500719	4	5	4	0	9	0	6	10	1	0	0	4	1	2	0	3	0	-1	0	0	0	0	0	-2	0	0	0	-1	0	0	0	-3
537835102984	0	0	1	3	0	0	1	0	0	0	0	0	0	0	0	0	0	-1	0	0	0	0	0	0	-1	0	0	0	0	0	0	0
537869652221	0	0	0	0	0	0	1	0	0	0	0	0	0	0	0	0	0	0	0	0	0	0	0	0	0	0	0	0	0	0	0	0
537870737180	0	1	0	0	0	0	0	1	0	0	0	0	0	0	0	0	0	0	0	0	0	0	0	0	0	0	0	0	0	0	0	0
537872716767	0	0	0	0	0	0	0	0	0	0	0	0	0	0	0	0	0	0	0	0	0	0	0	0	0	0	0	0	0	0	0	0
537873205101	0	0	0	2	0	0	2	0	0	0	0	0	0	0	0	0	0	0	0	0	0	0	0	0	0	0	0	0	0	0	0	0
537874477775	0	0	0	0	0	0	1	0	0	0	0	0	0	0	0	0	0	0	0	0	0	0	0	0	0	0	0	0	0	0	0	0
537882130666	0	0	1	0	0	0	0	0	0	0	0	0	0	0	0	0	0	0	0	0	-1	0	0	0	0	0	0	0	0	0	0	0
537900819229	0	0	0	0	0	0	0	0	0	0	0	0	0	0	0	0	0	0	0	0	0	0	0	0	0	0	0	0	0	0	0	0
537922378952	0	1	0	0	0	0	0	0	0	0	0	0	0	0	0	0	0	0	0	0	0	0	0	0	0	0	0	0	0	0	0	0
537930214960	1	0	0	0	0	0	0	0	1	0	0	0	0	0	0	0	0	0	0	0	0	0	-1	0	0	0	0	0	0	0	0	0
537935573067	0	0	0	0	0	0	0	0	0	0	0	0	0	0	0	0	0	0	0	0	0	0	0	0	0	0	0	0	0	0	0	0
537940174924	0	1	0	0	1	0	1	0	0	0	0	0	0	0	0	0	0	0	-1	0	-2	0	0	0	0	0	0	0	0	0	0	0
537958916963	2	6	4	16	2	0	25	15	17	0	5	7	17	3	1	3	-1	-1	-2	-4	-1	0	-7	-4	-2	-2	-2	-1	-3	-5	-1	-2
537993675084	0	0	0	0	0	0	0	0	0	0	0	0	0	0	0	0	0	0	0	0	0	0	0	0	0	0	0	0	0	0	0	0
538018108083	0	2	0	1	0	0	1	0	0	0	0	1	0	0	0	0	0	0	-1	0	0	0	-1	0	0	0	0	0	0	0	0	0
538020217915	0	0	0	2	0	0	0	0	0	0	1	0	1	0	0	0	0	0	0	0	0	0	0	0	0	0	0	0	0	-1	0	0
538058238834	1	2	1	5	3	0	5	1	2	1	0	0	5	0	0	2	0	0	0	-1	0	0	0	0	0	0	0	-1	0	0	0	0
538087341286	1	0	0	0	0	0	0	0	0	0	0	0	0	0	0	0	0	0	0	0	-1	0	-1	0	0	0	0	0	0	0	0	0
538097152842	0	0	2	0	0	0	0	0	0	0	1	0	0	0	0	0	0	0	0	0	0	0	0	0	0	0	0	0	0	0	0	0
538103873367	0	9	0	1	4	1	5	8	0	0	0	2	2	0	1	1	0	0	0	0	0	0	-3	-6	-1	0	-1	-1	0	-3	0	-2
538139156276	0	1	0	3	0	0	2	0	2	0	1	0	1	0	0	0	0	0	0	0	0	0	0	0	0	0	0	0	0	0	0	0
538152596375	0	0	0	0	0	0	0	0	0	0	0	0	0	0	0	0	0	0	0	0	0	0	0	0	0	0	0	0	0	0	0	0
538170902494	0	0	0	1	0	0	0	2	1	0	0	0	0	0	0	1	0	0	0	0	0	0	-1	0	0	0	0	0	0	-1	0	-1
538189338079	0	0	0	0	0	0	0	0	0	0	0	0	0	0	0	0	0	0	0	0	0	0	0	0	0	0	0	0	0	0	0	0
538206932779	0	0	0	0	0	0	0	0	0	0	0	1	0	0	0	0	0	0	0	0	0	0	0	0	0	0	0	0	0	0	0	0
538222960420	0	0	0	2	0	0	0	0	0	0	0	0	0	0	0	0	0	0	0	0	0	0	0	0	0	0	0	0	0	0	0	0
538234687058	0	0	0	0	0	0	0	0	0	0	0	0	0	0	0	0	0	0	0	0	0	0	0	0	0	0	0	0	0	0	0	0
538251031616	1	4	0	4	4	0	9	1	10	1	2	2	2	1	0	3	-1	-1	-1	0	0	-1	-1	-3	0	0	-1	-1	0	-2	0	-2
538331913186	0	0	0	0	0	0	2	0	0	0	0	1	0	0	0	0	0	0	0	0	0	0	0	0	0	0	0	0	0	0	0	0
538341704045	0	0	0	0	0	0	1	1	0	0	0	0	0	1	0	0	0	0	0	0	0	0	0	0	0	0	0	0	0	-1	0	0
538349084626	0	0	0	0	0	0	1	0	0	0	0	0	0	0	0	0	0	0	0	0	0	0	-2	0	0	0	-1	0	0	0	0	0
538462949678	1	1	1	2	0	0	2	2	0	0	0	1	0	0	0	0	0	0	-1	-1	0	0	0	0	0	0	0	-1	0	-1	0	0
538466934198	0	0	0	0	0	0	1	0	0	0	0	1	0	0	0	0	0	0	0	0	0	0	0	0	0	0	0	0	0	0	0	0
538471285447	1	0	0	0	0	0	4	0	1	0	0	0	0	0	0	1	0	0	0	-1	0	0	0	0	0	0	0	0	-1	0	0	0
538502554854	0	0	0	0	0	0	1	0	0	0	0	0	1	0	0	0	0	0	0	0	0	0	0	0	0	0	0	0	0	0	0	0
538513524149	0	0	0	0	0	0	1	0	0	0	0	0	0	0	0	0	0	0	0	0	0	0	0	0	0	0	0	0	0	0	0	0
538514194413	0	4	0	0	0	0	0	0	0	0	0	0	0	0	0	0	0	0	0	0	0	0	0	0	0	0	0	-2	0	0	0	0
538543945813	0	0	0	4	2	0	3	0	1	0	2	2	3	1	0	0	0	0	-1	0	0	0	-2	0	-1	0	0	0	0	0	-1	0
538576490825	0	1	2	3	0	0	1	1	3	0	0	0	0	0	0	0	0	0	0	0	-1	0	0	-1	-1	0	0	-1	0	0	0	-1
538627597075	0	0	0	0	0	0	0	0	0	0	0	0	0	0	0	0	0	0	-1	0	0	0	0	0	0	0	0	0	0	0	0	0
538637155496	0	0	0	0	0	0	0	0	0	0	0	0	0	0	0	0	0	0	0	0	0	0	0	0	0	0	0	0	0	0	0	0
538649271801	0	1	1	0	0	0	2	2	0	0	0	0	0	0	0	0	0	0	0	0	0	-1	0	-1	0	0	0	0	0	0	0	0
538650871420	0	1	1	3	0	0	1	0	0	0	0	0	1	0	0	0	0	0	0	-1	0	0	-1	0	0	0	-1	0	0	0	0	-1
538656639111	0	2	1	7	2	1	0	0	1	0	0	1	0	0	0	1	0	0	0	0	-2	0	0	-1	-1	0	0	0	0	0	0	-2
538661862294	0	0	0	0	0	0	1	0	0	0	0	0	0	0	0	0	0	0	0	0	0	0	0	0	0	0	0	0	0	0	0	0
538685867286	0	0	0	0	1	0	0	0	2	0	0	0	0	1	0	0	0	0	0	0	0	0	-1	0	-1	-1	-1	0	0	0	0	0
538689471437	0	7	0	7	0	0	5	2	0	0	1	1	2	0	0	0	0	0	-2	0	-4	0	-1	0	0	0	0	-2	0	0	0	0
538752323475	0	0	0	0	0	0	0	0	0	0	0	0	0	0	0	0	0	0	0	0	0	0	0	0	0	0	0	0	0	0	0	0
538761237497	0	0	0	0	0	0	0	0	0	0	0	0	0	0	0	0	0	0	0	0	0	0	0	0	0	0	0	0	0	0	0	0
538763606986	0	0	0	0	0	0	0	0	0	0	0	0	0	0	0	0	0	0	0	0	0	0	0	0	0	0	0	0	-1	0	0	0
538777041821	0	0	0	0	0	0	0	0	0	0	0	0	0	0	0	0	0	0	0	0	0	0	0	0	0	0	0	0	0	0	0	0
538787431843	0	0	0	0	0	0	0	0	0	0	1	0	0	0	0	0	0	0	-2	0	0	0	0	0	0	0	0	0	0	0	0	0
538796511178	0	0	0	3	0	1	2	0	1	0	0	2	2	0	0	0	0	0	-1	-1	0	0	-2	0	0	0	0	0	0	0	0	0
538804464215	0	0	0	0	0	0	0	0	0	0	0	0	0	0	0	0	0	0	0	0	0	0	0	0	0	0	0	0	0	0	0	0
538809985363	0	0	0	0	0	0	0	0	0	0	0	0	0	0	0	0	0	0	0	0	0	0	0	0	0	0	0	0	0	0	0	0
538815377944	0	0	1	0	0	0	0	0	0	0	0	0	0	0	0	0	0	0	0	0	0	0	0	0	0	0	0	0	0	0	0	0
538815792709	0	1	0	3	0	0	1	0	1	0	0	0	0	0	0	0	0	0	0	0	0	0	0	0	0	0	0	0	0	0	0	0
538816056595	2	0	0	0	0	0	0	0	0	0	0	0	0	0	0	0	0	0	0	0	0	0	0	0	0	0	0	0	0	0	0	0
538817045658	0	0	0	0	0	0	0	0	0	0	0	2	0	0	0	0	0	0	0	0	0	0	0	0	0	0	0	0	0	0	0	0
538823442198	0	0	0	0	0	0	1	0	0	0	0	0	0	0	0	0	0	0	0	0	0	0	0	0	0	0	0	0	0	0	0	0
538826746525	0	0	2	0	0	1	1	0	0	0	0	1	0	0	0	0	0	0	0	0	-1	0	0	0	0	0	0	-1	0	-2	0	0
538842427016	0	0	0	1	0	1	0	0	0	0	0	0	1	0	0	0	0	0	-1	0	0	0	0	0	0	0	0	0	0	0	0	0
538846148839	0	0	0	0	0	0	0	0	0	0	0	0	0	0	0	0	0	0	0	0	0	0	0	0	0	0	0	0	0	0	0	0
538846408515	0	0	0	0	0	0	0	0	0	0	0	0	1	0	0	0	0	0	0	0	0	0	0	0	0	0	0	0	0	0	0	0
538867414110	0	0	0	0	0	0	0	0	0	0	0	0	0	0	0	0	0	0	0	0	0	0	0	0	0	0	0	0	0	0	0	0
538924957767	0	0	0	0	0	0	0	0	0	0	0	0	0	0	0	0	0	0	0	0	0	0	0	0	0	0	0	0	0	0	0	0
538928221464	1	1	0	1	0	0	2	1	3	0	0	0	0	0	0	0	0	0	0	0	0	0	0	0	0	0	0	0	-1	0	0	0
538941541089	0	0	0	0	0	0	0	0	0	0	0	0	0	0	0	0	0	0	0	0	0	0	0	0	0	0	0	0	0	0	0	0
538944872669	0	0	0	0	0	0	0	0	0	0	0	0	0	0	0	0	0	0	0	0	0	0	0	0	0	0	0	0	0	0	0	0
538961824996	0	1	0	4	0	0	8	3	4	0	0	0	1	0	0	0	0	-1	-2	0	0	0	-1	-1	0	0	0	-1	0	0	0	-3
538967747946	0	0	0	0	1	0	1	0	0	0	0	0	0	0	0	0	0	0	0	0	0	0	-1	0	0	0	0	0	0	0	0	0
538982027129	0	0	0	0	0	0	0	0	0	0	0	0	0	0	0	0	0	0	0	0	0	0	0	0	0	0	0	0	0	0	0	0
538989608743	0	0	0	1	0	0	2	0	0	0	0	1	0	0	0	0	0	0	0	0	0	0	-1	0	0	0	0	0	0	0	0	0
538992795487	0	0	0	0	0	0	0	0	0	0	0	0	0	0	0	0	0	0	0	0	0	0	0	0	0	0	0	0	0	0	0	0
539014176039	0	0	0	0	0	0	0	1	1	0	0	1	0	0	0	0	0	0	0	0	0	0	0	0	0	0	0	0	0	0	0	0
539016637499	5	14	7	18	5	0	16	28	8	0	1	3	7	1	0	2	-2	-4	-3	-4	-1	0	-4	-5	-1	-1	-1	0	0	-4	0	-2
539036355447	0	1	0	1	1	0	0	0	0	0	0	1	0	0	0	0	0	0	0	0	0	0	0	0	0	0	0	0	0	0	0	0
539096522688	8	13	2	32	9	2	26	8	5	1	6	29	9	1	4	1	-3	-5	-1	-5	-8	-2	-12	-1	-4	-1	-1	-5	-1	-6	-7	-9
539112461767	0	0	0	1	0	1	0	0	0	0	0	0	0	0	0	0	0	0	0	0	0	0	0	0	0	0	0	0	0	0	0	0
539140145673	0	1	0	1	0	0	1	0	0	0	0	0	0	0	0	0	0	0	0	0	0	0	0	-1	0	0	-1	0	0	0	0	0
539341120846	0	0	0	1	0	0	0	0	0	0	0	0	0	0	0	0	0	0	0	0	0	0	0	0	0	0	0	0	0	0	0	0
539344648505	0	0	0	0	0	0	0	0	1	0	0	0	0	0	0	0	0	0	0	0	0	0	0	0	0	0	0	0	0	0	0	0
539376853123	1	1	1	1	0	0	0	4	0	0	1	4	1	0	0	0	0	0	0	-1	0	0	0	-1	0	0	0	0	0	0	0	0
539410403047	0	0	0	0	1	0	0	0	0	0	0	0	0	0	0	0	0	0	0	0	0	0	0	0	0	0	0	0	0	0	0	0
539415168385	2	6	0	1	2	1	3	1	0	0	1	3	2	0	0	1	-1	-1	0	0	0	0	-1	-1	0	0	0	0	0	-1	0	0
539419794602	0	0	0	0	0	0	0	0	0	0	0	0	0	0	0	0	0	-1	0	0	0	0	0	-1	0	0	0	0	0	0	0	-1
539420688921	0	0	0	0	0	0	0	1	0	0	0	0	0	0	0	0	0	0	0	0	0	0	0	0	0	0	0	0	0	0	0	0
539422468423	0	1	0	0	0	0	1	0	2	0	1	1	2	0	0	0	0	0	0	0	0	-2	0	0	0	0	0	0	0	0	0	0
539425757750	0	0	0	0	0	0	1	0	0	0	0	0	0	0	0	0	0	0	0	0	0	0	0	0	0	0	0	0	0	0	0	0
539429464777	0	0	0	0	0	0	0	0	0	0	0	1	0	0	0	2	0	0	0	0	0	0	0	-1	0	0	0	0	0	0	0	0
539462564023	0	0	0	1	0	0	0	0	0	0	0	0	0	0	0	0	0	0	-1	0	0	0	0	0	0	0	0	0	0	0	0	0
539528012049	0	0	0	0	0	0	0	0	0	0	0	0	0	0	0	0	0	0	0	0	0	0	0	0	0	0	0	0	0	0	0	0
539534431767	0	0	0	0	0	0	0	0	0	0	0	0	0	0	0	0	0	0	0	0	0	0	0	0	0	0	0	0	0	0	0	0
539798265925	0	0	0	0	0	0	0	0	1	0	0	0	0	0	0	0	0	0	0	0	0	0	0	0	0	0	0	0	0	0	0	0
539848969392	0	0	1	1	0	0	0	0	0	0	0	0	0	0	0	0	0	0	0	0	0	0	0	0	0	0	0	0	0	0	0	0
539950582185	0	0	0	0	0	0	0	0	0	0	0	0	0	0	0	0	0	0	0	0	0	0	0	0	0	0	0	0	0	0	0	0
539960740838	0	0	0	0	0	0	1	0	1	0	0	0	0	0	0	0	0	0	0	0	0	0	0	0	0	0	0	0	0	0	0	0
539966188708	0	0	1	0	0	0	0	0	0	0	0	0	0	0	0	0	0	0	0	0	0	0	0	0	0	0	0	0	0	-1	0	0
539969853454	0	0	1	0	1	1	0	5	0	0	1	2	0	0	1	1	0	-1	0	0	0	0	-1	0	0	0	0	0	0	0	0	-2
540001472819	0	1	0	0	0	0	0	0	0	0	0	0	0	0	0	0	0	0	0	0	0	0	0	0	0	0	0	0	0	0	0	0
540183906319	0	0	0	0	0	0	0	0	1	0	0	0	0	0	0	0	0	0	0	0	0	0	-1	0	0	0	0	0	0	0	0	0
540266409002	0	0	0	0	1	0	1	2	0	0	0	0	0	0	1	0	0	0	0	0	0	0	0	0	0	0	0	0	0	0	-1	0
540285644580	0	0	2	0	0	0	1	0	0	0	0	0	0	0	0	0	0	0	0	0	0	0	0	0	0	0	0	0	0	0	0	0
540295042886	0	1	0	0	0	0	1	0	0	0	0	0	0	0	0	0	0	0	-1	0	0	0	-1	-1	0	0	0	0	0	0	0	0
540316372454	1	1	1	2	0	0	2	1	0	0	1	0	0	0	1	0	0	-1	0	0	0	0	0	0	-1	0	0	0	0	0	0	0
540344461776	0	0	0	0	0	0	0	0	0	0	0	0	0	0	0	0	0	0	0	0	0	0	-1	0	0	0	0	0	0	0	0	0
540397041362	0	0	0	0	0	0	0	0	0	0	0	0	0	0	0	0	0	0	0	0	0	0	0	0	0	0	0	0	0	0	0	0
540458350046	0	0	0	0	0	0	0	0	0	0	0	0	0	0	0	0	0	0	0	0	0	0	0	0	0	0	0	0	0	0	0	0
540509989667	0	0	0	0	0	0	1	0	0	0	0	0	0	0	0	0	-1	0	0	0	0	0	0	0	0	0	0	0	0	0	0	0
540565543031	0	0	0	0	0	0	0	0	0	0	0	0	0	0	0	0	0	0	0	0	0	0	0	0	0	0	0	0	0	0	0	0
540618506192	0	0	0	0	0	0	0	0	0	0	0	0	0	0	2	0	0	0	0	0	0	0	0	0	0	0	0	0	0	0	0	0
